x px
0.0611632102 -0.0365697359
0.0398793803 -0.0511367500
-0.0045710748 -0.0373109232
-0.0478353565 -0.0012140430
-0.0613177828 0.0357375960
-0.0409131955 0.0511159876
0.0031092837 0.0381054409
0.0468980044 0.0024296565
0.0614385899 -0.0348853246
0.0419283047 -0.0510706316
-0.0016466744 -0.0388768752
-0.0459329462 -0.0036461453
-0.0615307523 0.0340119065
-0.0429206818 0.0509990008
0.0001844809 0.0396291849
0.0449368114 0.0048594270
0.0615944650 -0.0331173416
0.0438920947 -0.0509019134
0.0012764935 -0.0403613795
-0.0439127940 -0.0060711257
-0.0616231141 0.0322036645
-0.0448434905 0.0507796178
-0.0027351277 0.0410696309
0.0428622155 0.0072812449
0.0616220917 -0.0312697017
0.0457692587 -0.0506303570
0.0041905388 -0.0417573866
-0.0417831262 -0.0084864330
-0.0615914720 0.0303156559
-0.0466738051 0.0504556318
-0.0056416997 0.0424232413
0.0406769210 0.0096863901
0.0615249599 -0.0293439546
0.0475558074 -0.0502550227
0.0070871326 -0.0430643339
-0.0395460638 -0.0108819768
-0.0614276741 0.0283534755
-0.0484112905 0.0500277122
-0.0085262886 0.0436836010
0.0383899203 0.0120707014
0.0612999513 -0.0273445493
0.0492442844 -0.0497747972
0.0099578820 -0.0442792519
-0.0372083285 -0.0132502930
-0.0611361647 0.0263198580
-0.0500520867 0.0494957876
-0.0113804065 0.0448495741
0.0360047387 0.0144226226
0.0609406654 -0.0252785422
0.0508330409 -0.0491906658
0.0127936401 -0.0453969953
-0.0347795890 -0.0155861434
-0.0607143645 0.0242209030
-0.0515902962 0.0488601426
-0.0141959958 0.0459193536
0.0335314698 0.0167367375
0.0604525351 -0.0231496820
0.0523199967 -0.0485038655
0.0155863517 -0.0464162448
-0.0322645296 -0.0178773772
-0.0601583573 0.0220644659
-0.0530229133 0.0481223002
-0.0169647690 0.0468895581
0.0309797914 0.0190072572
0.0598335079 -0.0209653193
0.0537013117 -0.0477158964
0.0183292619 -0.0473367420
-0.0296753906 -0.0201212989
-0.0594742559 0.0198548302
-0.0543501892 0.0472845347
-0.0196795611 0.0477588080
0.0283553747 0.0212229454
0.0590823200 -0.0187331787
0.0549728052 -0.0468288381
0.0210158849 -0.0481570349
-0.0270208805 -0.0223117765
-0.0586602054 0.0175999863
-0.0555704877 0.0463490729
-0.0223356615 0.0485284391
0.0256707051 0.0233834882
0.0702597899 -0.0049039173
0.0855102418 -0.0533405339
0.0632503574 -0.0734923503
0.0118187817 -0.0608798186
-0.0511108438 -0.0181113683
-0.0844207579 0.0358668035
-0.0763460554 0.0691338526
-0.0361762562 0.0700310091
0.0262329407 0.0389039954
0.0760145221 -0.0144344559
0.0840298393 -0.0591026537
0.0563147300 -0.0736316145
0.0008374546 -0.0554911138
-0.0598933932 -0.0086925280
-0.0857129970 0.0436806238
-0.0715562910 0.0716334286
-0.0265343767 0.0669124920
0.0370282135 0.0307147130
0.0804291824 -0.0236682815
0.0815302857 -0.0639344479
0.0485383890 -0.0728129969
-0.0103958801 -0.0492062443
-0.0674894716 0.0009197202
-0.0858024208 0.0506925716
-0.0658637626 0.0731502703
-0.0162407335 0.0628416556
0.0471683263 0.0219039121
0.0835193772 -0.0324230009
0.0780561321 -0.0678124834
0.0399556761 -0.0710434904
-0.0216397849 -0.0420827968
-0.0737931031 0.0105170512
-0.0847700314 0.0568293930
-0.0592896276 0.0736913206
-0.0054248294 0.0578305503
0.0563945021 0.0126256703
0.0853256391 -0.0405397929
0.0736509228 -0.0707185620
0.0306090070 -0.0683186033
-0.0326257593 -0.0341886511
-0.0787620860 0.0198966155
-0.0826847830 0.0620493947
-0.0518563369 0.0732672980
0.0057315517 0.0519121311
0.0644996485 0.0030692035
0.0859064679 -0.0478936143
0.0683275523 -0.0726415144
0.0205724081 -0.0646413909
-0.0430697037 -0.0256173319
-0.0823986356 0.0288692788
-0.0796087707 0.0663247151
-0.0436022032 0.0718906315
0.0170025713 0.0451294895
0.0713477669 -0.0065587151
0.0853296480 -0.0543989861
0.0621150912 -0.0735848158
0.0099533879 -0.0600163707
-0.0527019417 -0.0165101270
-0.0847333464 0.0372661084
-0.0755845927 0.0696346057
-0.0345656781 0.0695623998
0.0281281369 0.0375419913
0.0768704938 -0.0160527908
0.0836700325 -0.0600025370
0.0550346500 -0.0735591496
-0.0010870977 -0.0544693656
-0.0612908649 -0.0070434678
-0.0858108954 0.0449492598
-0.0706404230 0.0719652186
-0.0248034456 0.0662781560
0.0388305028 0.0292368496
0.0810545061 -0.0252166739
0.0810002718 -0.0646715242
0.0471151083 -0.0725754658
-0.0123403406 -0.0480366611
-0.0686699030 0.0025808918
-0.0857023435 0.0518142021
-0.0647922440 0.0733125819
-0.0144095168 0.0620451150
0.0488307479 0.0203336431
-0.0173853697 0.0331966187
0.0161448470 0.0170668381
0.0393521297 -0.0102055941
0.0374038846 -0.0307577239
0.0124389130 -0.0319459471
-0.0210059305 -0.0131473107
-0.0408238037 0.0142983641
-0.0347943374 0.0323697694
-0.0072640135 0.0301875406
0.0255118247 0.0090004369
0.0416345857 -0.0181445328
0.0316434529 -0.0334672032
0.0019424715 -0.0279446416
-0.0295817885 -0.0046964763
-0.0417808531 0.0216816343
-0.0279937865 0.0340365628
0.0034371036 0.0252462298
0.0331432607 0.0003078934
0.0412682068 -0.0248542120
0.0238940469 -0.0340710833
-0.0087809783 -0.0221313716
-0.0361404458 0.0040864042
-0.0401135267 0.0276140517
-0.0193996489 0.0335705961
0.0139935265 0.0186462108
0.0385298489 -0.0084090410
0.0383386007 -0.0299219844
0.0145728820 -0.0325408570
-0.0189796870 -0.0148444608
-0.0402802045 0.0125853723
-0.0359716199 0.0317468672
-0.0094851104 0.0309952187
0.0236470364 0.0107860110
0.0413711936 -0.0165450593
0.0330467681 -0.0330651552
0.0042152971 -0.0289541855
-0.0279104217 -0.0065387296
-0.0417985931 0.0202209671
-0.0296026487 0.0338599797
0.0011507324 0.0264451701
0.0316958412 0.0021769278
0.0415652634 -0.0235544391
0.0256871117 -0.0341218809
-0.0065215063 -0.0235030269
-0.0349404215 0.0022231932
-0.0406825670 0.0264946011
-0.0213526918 0.0338479044
0.0118017948 0.0201694852
0.0375916066 -0.0065862884
0.0391674020 -0.0289989192
0.0166589837 -0.0330416914
-0.0168951333 -0.0164941314
-0.0396152309 0.0108343634
-0.0370471205 0.0310323497
-0.0116733028 0.0317135916
0.0217084824 0.0125364535
0.0409884860 -0.0148941102
0.0343539152 -0.0325681177
0.0064709436 -0.0298808365
-0.0261540128 -0.0083616527
-0.0416997977 0.0186974623
-0.0311253454 0.0335868565
-0.0011347357 0.0275666815
0.0301512002 0.0040395665
0.0417448681 -0.0221835929
0.0274048644 -0.0340761199
-0.0042454727 -0.0248030009
-0.0336311285 0.0003548007
-0.0411348888 0.0252967998
-0.0232421469 0.0340301349
0.0095757583 0.0216295693
0.0365397542 -0.0047429218
0.0398856805 -0.0279909149
0.0186930811 -0.0334491503
-0.0147604115 -0.0180934517
-0.0388352029 0.0090479821
-0.0380200202 0.0302279918
-0.0138222536 0.0323406399
0.0197044983 0.0142491634
0.0404859814 -0.0131968665
-0.0811628788 0.0257496737
-0.0806548063 0.0648439853
-0.0464167973 0.0723464095
0.0132057466 0.0474318652
0.0691033451 -0.0033345088
0.0855182861 -0.0522465919
0.0641371573 -0.0732591760
0.0133969395 -0.0615120788
-0.0496573240 -0.0194462047
-0.0840063813 0.0346070108
-0.0768288050 0.0685819201
-0.0373651572 0.0702674842
0.0247346229 0.0398813292
0.0752266781 -0.0131707662
0.0841522441 -0.0583130837
0.0571170217 -0.0735424922
0.0021447362 -0.0560910032
-0.0588450056 -0.0097961086
-0.0855018052 0.0427490641
-0.0720122629 0.0712834915
-0.0275256864 0.0671785594
0.0359044039 0.0315368175
0.0799310152 -0.0227179992
0.0816892986 -0.0633968923
0.0492008972 -0.0728078799
-0.0094015576 -0.0497182509
-0.0667928790 0.0000847704
-0.0857141710 0.0500516459
-0.0662371249 0.0729424774
-0.0169821489 0.0630743444
0.0464085884 0.0225190280
0.0832288176 -0.0317752758
0.0781932370 -0.0674706324
0.0404207517 -0.0710597754
-0.0209813945 -0.0424459578
-0.0733768171 0.0099691522
-0.0847228275 0.0564322707
-0.0595174020 0.0735624708
-0.0058754232 0.0579756524
0.0559614720 0.0129926934
0.0851570556 -0.0401685828
0.0736968446 -0.0705131418
0.0308318027 -0.0683019116
-0.0323029090 -0.0343511080
-0.0785456731 0.0196346860
-0.0826137610 0.0618412628
-0.0518910766 0.0731599244
0.0056012007 0.0519071788
0.0643331319 0.0031627585
0.0857792612 -0.0477578591
0.0682338127 -0.0725136337
0.0205064774 -0.0645298037
-0.0430588051 -0.0255388013
-0.0822994102 0.0288739660
-0.0794491479 0.0662485327
-0.0433893954 0.0717437344
0.0172010696 0.0449232134
0.0713726856 -0.0067452952
0.0851744931 -0.0544469076
0.0618204344 -0.0734727200
0.0095657926 -0.0597540955
-0.0529524236 -0.0161585079
-0.0846703545 0.0375020412
-0.0752779285 0.0696308396
-0.0340587344 0.0693168018
0.0286413797 0.0370895493
0.0770073710 -0.0165059505
0.0834260286 -0.0601779179
0.0544876117 -0.0734035556
-0.0018145689 -0.0539984458
-0.0617320177 -0.0064038442
-0.0857141047 0.0453668005
-0.0701287685 0.0719730566
-0.0239645001 0.0658776765
0.0396172544 0.0284990727
0.0812230585 -0.0259061015
0.0805978597 -0.0649164335
0.0462692246 -0.0723194339
-0.0134039892 -0.0473100776
-0.0692197362 0.0035037619
-0.0328743452 -0.0174716858
-0.0604619297 0.0225670772
-0.0529346797 0.0484258688
-0.0165524621 0.0468776240
0.0314952346 0.0186920909
0.0601211509 -0.0213888051
0.0536715572 -0.0479968663
0.0180273853 -0.0473684357
-0.0300959515 -0.0198990616
-0.0597442774 0.0201952810
-0.0543792925 0.0475392945
-0.0194869713 0.0478313521
0.0286776930 0.0210915904
0.0593314456 -0.0189874289
0.0550576817 -0.0470533679
0.0209285120 -0.0482632556
-0.0272394089 -0.0222650712
-0.0588792383 0.0177680090
-0.0557008204 0.0465392257
-0.0223529475 0.0486669666
0.0257850161 0.0234227610
0.0583897032 -0.0165371583
0.0563143533 -0.0459975059
0.0237599564 -0.0490427243
-0.0243157055 -0.0245640279
-0.0578649141 0.0152948044
-0.0568982175 0.0454284369
-0.0251467953 0.0493878451
0.0228314100 0.0256859723
0.0573043234 -0.0140421889
0.0574469251 -0.0448324395
0.0265148133 -0.0497047673
-0.0213336840 -0.0267886200
-0.0567044380 0.0127823339
-0.0579652583 0.0442098161
-0.0278640869 0.0499939077
0.0198245509 0.0278733742
0.0560700293 -0.0115134592
0.0584537277 -0.0435607271
0.0291917147 -0.0502528318
-0.0183046841 -0.0289391615
-0.0554012519 0.0102362625
-0.0589074283 0.0428857433
-0.0304994735 0.0504837258
0.0167739578 0.0299827739
0.0546951762 -0.0089534151
0.0593297883 -0.0421849264
0.0317876666 -0.0506869698
-0.0152348288 -0.0310074381
-0.0539531644 0.0076649480
-0.0597219524 0.0414582738
-0.0330530598 0.0508602535
0.0136881132 0.0320128138
0.0531772785 -0.0063702484
0.0600797304 -0.0407063989
0.0342978594 -0.0510055613
-0.0121336252 -0.0329951039
-0.0523672807 0.0050701689
-0.0604047315 0.0399293261
-0.0355223912 0.0511231052
0.0105731950 0.0339567481
0.0515191720 -0.0037684110
0.0606988451 -0.0391268336
0.0367229405 -0.0512106619
-0.0090078398 -0.0348981103
-0.0506375753 0.0024624781
-0.0609588433 0.0382994914
-0.0379021117 0.0512700140
0.0074379589 0.0358165428
0.0497225680 -0.0011530667
0.0611839737 -0.0374476167
0.0390600968 -0.0513011783
-0.0058646763 -0.0367120208
-0.0487721004 -0.0001573104
-0.0613771089 0.0365707299
-0.0401926472 0.0513020694
0.0042892636 0.0375860038
0.0477864051 0.0014677299
0.0615363540 -0.0356692629
0.0413026912 -0.0512742513
0.2467970340 -0.0794109492
0.2869540232 -0.2172043210
0.3184326043 -0.2436224909
0.3380506026 0.1218012246
0.1378897214 0.2497921953
0.0421332731 0.1998078385
0.1105419088 0.0986977192
0.2212116121 -0.0345362996
0.2827966601 -0.1716003971
0.2802753105 -0.2802012950
0.3796895930 0.0210273582
0.2032771719 0.2337028745
0.0523548998 0.2263634738
0.0746403980 0.1351596406
0.1896055836 0.0116600760
0.2688362176 -0.1260869629
0.2812798430 -0.2602314061
0.3791037712 -0.1120778181
0.2718460378 0.1940607896
0.0829222437 0.2450947929
0.0505354012 0.1677945606
0.1524913520 0.0558117769
0.2481368587 -0.0819615800
0.2868713373 -0.2197863244
0.3222136229 -0.2386057602
0.3348328788 0.1266406789
0.1343863532 0.2500808900
0.0421052144 0.1981271394
0.1128234247 0.0964529791
0.2228459201 -0.0371978709
0.2833238513 -0.1742685619
0.2810481327 -0.2801287666
0.3781643077 0.0277924922
0.1993187582 0.2352398398
0.0512328362 0.2249872238
0.0764635996 0.1331616427
0.1916128241 0.0090037162
0.2698683630 -0.1286870289
0.2808488531 -0.2621727260
0.3808120600 -0.1037289668
0.2679091765 0.1970644619
0.0805545905 0.2443240875
0.0515254006 0.1659786718
0.1547487346 0.0533451114
0.2494627939 -0.0845096798
0.2867550421 -0.2223544060
0.3260775485 -0.2332399892
0.3315504846 0.1313749284
0.1309205474 0.2502779146
0.0421342063 0.1964262981
0.1151150414 0.0941952942
0.2244594358 -0.0398527319
0.2838171209 -0.1769368690
0.2819746217 -0.2798663287
0.3765078368 0.0344435360
0.1953796404 0.2367171138
0.0501790653 0.2235865456
0.0783258685 0.1311467319
0.1936004212 0.0063400193
0.2708772687 -0.1312931235
0.2804308674 -0.2640454823
0.3822597015 -0.0954392032
0.2639627437 0.1999846977
0.0782568154 0.2434937198
0.0525661933 0.1641473214
0.1569963154 0.0508665908
0.2507748731 -0.0870559598
0.2866057662 -0.2249069680
0.3299867067 -0.2275383325
0.3282077170 0.1360063973
0.1275093959 0.2504261188
0.0422229508 0.1947232045
0.1174150377 0.0919248254
0.2260525839 -0.0425004858
0.2842761874 -0.1796048258
0.2830438337 -0.2794028986
0.3747246459 0.0409798905
0.1914444523 0.2380970546
0.0491945538 0.2221710207
0.0802276653 0.1291194106
0.1305992686 0.0543025640
0.2221029007 -0.0753326234
0.2659164553 -0.2034930563
0.1971582905 -0.3465812834
0.3859257874 -0.1084161875
0.2675162286 0.2119329510
0.0688656165 0.2634512965
0.0079579512 0.1923057693
0.0846776070 0.0972168349
0.1937664214 -0.0270497632
0.2551308475 -0.1533390913
0.2418503159 -0.2960569050
0.1812954102 -0.3652609577
0.3426306050 0.1329733367
0.1378414426 0.2656283560
0.0122655684 0.2251205479
0.0434308002 0.1364861735
0.1577216940 0.0237564121
0.2368160366 -0.1054175977
0.2644539169 -0.2381708054
0.1670001323 -0.3681280651
0.3890998562 0.0115529507
0.2151865004 0.2423809583
0.0384725056 0.2510590832
0.0175904076 0.1699370417
0.1161747126 0.0685409106
0.2137793095 -0.0602355193
0.2637691034 -0.1870353463
0.2127036661 -0.3324041711
0.3578996995 -0.1896865159
0.2934538495 0.1908568763
0.0888212626 0.2669359383
0.0065807963 0.2034625126
0.0695635522 0.1108264559
0.1825753888 -0.0099912907
0.2495659634 -0.1370688382
0.2524638880 -0.2764660127
0.1509406510 -0.3781415866
0.3623086773 0.0978151642
0.1634066396 0.2605981072
0.0187795205 0.2345369562
0.0334353699 0.1478699092
0.1447840765 0.0390564961
0.2299387967 -0.0906635114
0.2662534750 -0.2208859681
0.1813298430 -0.3587189353
0.3931403340 -0.0411462048
0.2405870768 0.2293247481
0.0517159879 0.2577800535
0.0119311030 0.1807631714
0.1009532808 0.0826436713
0.2044962698 -0.0444042664
0.2601359033 -0.1705491107
0.2278231858 -0.3156457890
0.2871834764 -0.2889831597
0.3186101350 0.1650019410
0.1118209535 0.2678349658
0.0079571316 0.2143884292
0.0558106446 0.1238013394
0.1706899822 0.0068847843
0.2435275603 -0.1212751240
0.2598868585 -0.2572284312
0.1544246569 -0.3754818164
0.3779385685 0.0583612649
0.1888407291 0.2529901213
0.0273295256 0.2430632334
0.0249881930 0.1587589422
0.1312101934 0.0536793363
0.2224513777 -0.0759752417
0.2659733867 -0.2042117604
0.1964980178 -0.3471472902
0.3865834080 -0.1052732999
0.2663836952 0.2127443288
0.0680761862 0.2632556484
0.0080761834 0.1918235093
0.0853539015 0.0966144454
0.1942311248 -0.0277895578
0.2553634053 -0.1540539132
0.2413173517 -0.2969010695
0.1843230521 -0.3637621015
-0.1107577853 0.1213120166
-0.0785889323 0.1175025222
-0.0185127995 0.0897518115
0.0650047326 0.0321212806
0.1176665696 -0.0433703312
0.1261333556 -0.0972230923
0.1129028074 -0.1203467528
0.0828222776 -0.1188452580
0.0259911885 -0.0937124761
-0.0570368205 -0.0392062135
-0.1147372567 0.0363003751
-0.1264433529 0.0932775854
-0.1147573833 0.1191369850
-0.0865275069 0.1198426224
-0.0326732041 0.0971126553
0.0493280019 0.0455704477
0.1115495385 -0.0295028330
0.1265399069 -0.0893072260
0.1163492095 -0.1177861821
0.0897540210 -0.1205662541
0.0385829359 -0.1000184583
-0.0420393681 -0.0512180420
-0.1082268777 0.0230794442
-0.1264726644 0.0854026998
-0.1177407699 0.1163692464
-0.0926160694 0.1211018947
-0.0438904435 0.1025594732
0.0351195910 0.0563052290
0.1047778021 -0.0169655887
0.1262776683 -0.0815444490
0.1190035543 -0.1149079123
0.0952509501 -0.1215196585
0.0488258085 -0.1048767186
-0.0283735970 -0.0610534691
-0.1011207571 0.0109734823
-0.1259626663 0.0776207920
-0.1202003232 0.1133707759
-0.0977893214 0.1218605320
-0.0536157015 0.1070908082
0.0215428103 0.0656786716
0.0971006532 -0.0048578523
0.1254950498 -0.0734593683
0.1213732121 -0.1116825225
0.1003286836 -0.1221286924
0.0584390418 -0.1092824951
-0.0143834163 -0.0703500417
-0.0924993813 -0.0016082399
-0.1248110959 0.0688580609
-0.1225336037 0.1097354655
-0.1029179348 0.1222902701
-0.0633886195 0.1114762640
0.0067444468 0.0751500972
0.0871029102 0.0085778625
0.1238102702 -0.0636308802
0.1236541078 -0.1074081923
0.1055424017 -0.1222754617
0.0684384100 -0.1136279735
0.0013510808 -0.0800374727
-0.0807739991 -0.0160447698
-0.1223759024 0.0576758774
-0.1246702723 0.1046019990
-0.1081234229 0.1219962099
-0.0734393284 0.1156315451
-0.0096604499 0.0848488535
0.0735590521 0.0237906556
0.1204074800 -0.0510596191
0.1255021128 -0.1012952329
0.1105475624 -0.1213869511
0.0781729372 -0.1173611655
0.0177823724 -0.0893548657
-0.0657437611 -0.0314291708
-0.1179257769 0.0440292459
-0.1260913857 0.0975823657
-0.1127191171 0.1204492293
-0.0824529791 0.1187369151
-0.0253280900 0.0933662069
0.0577722451 0.0385797095
0.1150180803 -0.0369510338
0.1264284095 -0.0936471436
0.1146005305 -0.1192577077
-0.2467970340 0.0794109492
-0.2869540232 0.2172043210
-0.3184326043 0.2436224909
-0.3380506026 -0.1218012246
-0.1378897214 -0.2497921953
-0.0421332731 -0.1998078385
-0.1105419088 -0.0986977192
-0.2212116121 0.0345362996
-0.2827966601 0.1716003971
-0.2802753105 0.2802012950
-0.3796895930 -0.0210273582
-0.2032771719 -0.2337028745
-0.0523548998 -0.2263634738
-0.0746403980 -0.1351596406
-0.1896055836 -0.0116600760
-0.2688362176 0.1260869629
-0.2812798430 0.2602314061
-0.3791037712 0.1120778181
-0.2718460378 -0.1940607896
-0.0829222437 -0.2450947929
-0.0505354012 -0.1677945606
-0.1524913520 -0.0558117769
-0.2481368587 0.0819615800
-0.2868713373 0.2197863244
-0.3222136229 0.2386057602
-0.3348328788 -0.1266406789
-0.1343863532 -0.2500808900
-0.0421052144 -0.1981271394
-0.1128234247 -0.0964529791
-0.2228459201 0.0371978709
-0.2833238513 0.1742685619
-0.2810481327 0.2801287666
-0.3781643077 -0.0277924922
-0.1993187582 -0.2352398398
-0.0512328362 -0.2249872238
-0.0764635996 -0.1331616427
-0.1916128241 -0.0090037162
-0.2698683630 0.1286870289
-0.2808488531 0.2621727260
-0.3808120600 0.1037289668
-0.2679091765 -0.1970644619
-0.0805545905 -0.2443240875
-0.0515254006 -0.1659786718
-0.1547487346 -0.0533451114
-0.2494627939 0.0845096798
-0.2867550421 0.2223544060
-0.3260775485 0.2332399892
-0.3315504846 -0.1313749284
-0.1309205474 -0.2502779146
-0.0421342063 -0.1964262981
-0.1151150414 -0.0941952942
-0.2244594358 0.0398527319
-0.2838171209 0.1769368690
-0.2819746217 0.2798663287
-0.3765078368 -0.0344435360
-0.1953796404 -0.2367171138
-0.0501790653 -0.2235865456
-0.0783258685 -0.1311467319
-0.1936004212 -0.0063400193
-0.2708772687 0.1312931235
-0.2804308674 0.2640454823
-0.3822597015 0.0954392032
-0.2639627437 -0.1999846977
-0.0782568154 -0.2434937198
-0.0525661933 -0.1641473214
-0.1569963154 -0.0508665908
-0.2507748731 0.0870559598
-0.2866057662 0.2249069680
-0.3299867067 0.2275383325
-0.3282077170 -0.1360063973
-0.1275093959 -0.2504261188
-0.0422229508 -0.1947232045
-0.1174150377 -0.0919248254
-0.2260525839 0.0425004858
-0.2842761874 0.1796048258
-0.2830438337 0.2794028986
-0.3747246459 -0.0409798905
-0.1914444523 -0.2380970546
-0.0491945538 -0.2221710207
-0.0802276653 -0.1291194106
-0.1305992686 -0.0543025640
-0.2221029007 0.0753326234
-0.2659164553 0.2034930563
-0.1971582905 0.3465812834
-0.3859257874 0.1084161875
-0.2675162286 -0.2119329510
-0.0688656165 -0.2634512965
-0.0079579512 -0.1923057693
-0.0846776070 -0.0972168349
-0.1937664214 0.0270497632
-0.2551308475 0.1533390913
-0.2418503159 0.2960569050
-0.1812954102 0.3652609577
-0.3426306050 -0.1329733367
-0.1378414426 -0.2656283560
-0.0122655684 -0.2251205479
-0.0434308002 -0.1364861735
-0.1577216940 -0.0237564121
-0.2368160366 0.1054175977
-0.2644539169 0.2381708054
-0.1670001323 0.3681280651
-0.3890998562 -0.0115529507
-0.2151865004 -0.2423809583
-0.0384725056 -0.2510590832
-0.0175904076 -0.1699370417
-0.1161747126 -0.0685409106
-0.2137793095 0.0602355193
-0.2637691034 0.1870353463
-0.2127036661 0.3324041711
-0.3578996995 0.1896865159
-0.2934538495 -0.1908568763
-0.0888212626 -0.2669359383
-0.0065807963 -0.2034625126
-0.0695635522 -0.1108264559
-0.1825753888 0.0099912907
-0.2495659634 0.1370688382
-0.2524638880 0.2764660127
-0.1509406510 0.3781415866
-0.3623086773 -0.0978151642
-0.1634066396 -0.2605981072
-0.0187795205 -0.2345369562
-0.0334353699 -0.1478699092
-0.1447840765 -0.0390564961
-0.2299387967 0.0906635114
-0.2662534750 0.2208859681
-0.1813298430 0.3587189353
-0.3931403340 0.0411462048
-0.2405870768 -0.2293247481
-0.0517159879 -0.2577800535
-0.0119311030 -0.1807631714
-0.1009532808 -0.0826436713
-0.2044962698 0.0444042664
-0.2601359033 0.1705491107
-0.2278231858 0.3156457890
-0.2871834764 0.2889831597
-0.3186101350 -0.1650019410
-0.1118209535 -0.2678349658
-0.0079571316 -0.2143884292
-0.0558106446 -0.1238013394
-0.1706899822 -0.0068847843
-0.2435275603 0.1212751240
-0.2598868585 0.2572284312
-0.1544246569 0.3754818164
-0.3779385685 -0.0583612649
-0.1888407291 -0.2529901213
-0.0273295256 -0.2430632334
-0.0249881930 -0.1587589422
-0.1312101934 -0.0536793363
-0.2224513777 0.0759752417
-0.2659733867 0.2042117604
-0.1964980178 0.3471472902
-0.3865834080 0.1052732999
-0.2663836952 -0.2127443288
-0.0680761862 -0.2632556484
-0.0080761834 -0.1918235093
-0.0853539015 -0.0966144454
-0.1942311248 0.0277895578
-0.2553634053 0.1540539132
-0.2413173517 0.2969010695
-0.1843230521 0.3637621015
0.1107577853 -0.1213120166
0.0785889323 -0.1175025222
0.0185127995 -0.0897518115
-0.0650047326 -0.0321212806
-0.1176665696 0.0433703312
-0.1261333556 0.0972230923
-0.1129028074 0.1203467528
-0.0828222776 0.1188452580
-0.0259911885 0.0937124761
0.0570368205 0.0392062135
0.1147372567 -0.0363003751
0.1264433529 -0.0932775854
0.1147573833 -0.1191369850
0.0865275069 -0.1198426224
0.0326732041 -0.0971126553
-0.0493280019 -0.0455704477
-0.1115495385 0.0295028330
-0.1265399069 0.0893072260
-0.1163492095 0.1177861821
-0.0897540210 0.1205662541
-0.0385829359 0.1000184583
0.0420393681 0.0512180420
0.1082268777 -0.0230794442
0.1264726644 -0.0854026998
0.1177407699 -0.1163692464
0.0926160694 -0.1211018947
0.0438904435 -0.1025594732
-0.0351195910 -0.0563052290
-0.1047778021 0.0169655887
-0.1262776683 0.0815444490
-0.1190035543 0.1149079123
-0.0952509501 0.1215196585
-0.0488258085 0.1048767186
0.0283735970 0.0610534691
0.1011207571 -0.0109734823
0.1259626663 -0.0776207920
0.1202003232 -0.1133707759
0.0977893214 -0.1218605320
0.0536157015 -0.1070908082
-0.0215428103 -0.0656786716
-0.0971006532 0.0048578523
-0.1254950498 0.0734593683
-0.1213732121 0.1116825225
-0.1003286836 0.1221286924
-0.0584390418 0.1092824951
0.0143834163 0.0703500417
0.0924993813 0.0016082399
0.1248110959 -0.0688580609
0.1225336037 -0.1097354655
0.1029179348 -0.1222902701
0.0633886195 -0.1114762640
-0.0067444468 -0.0751500972
-0.0871029102 -0.0085778625
-0.1238102702 0.0636308802
-0.1236541078 0.1074081923
-0.1055424017 0.1222754617
-0.0684384100 0.1136279735
-0.0013510808 0.0800374727
0.0807739991 0.0160447698
0.1223759024 -0.0576758774
0.1246702723 -0.1046019990
0.1081234229 -0.1219962099
0.0734393284 -0.1156315451
0.0096604499 -0.0848488535
-0.0735590521 -0.0237906556
-0.1204074800 0.0510596191
-0.1255021128 0.1012952329
-0.1105475624 0.1213869511
-0.0781729372 0.1173611655
-0.0177823724 0.0893548657
0.0657437611 0.0314291708
0.1179257769 -0.0440292459
0.1260913857 -0.0975823657
0.1127191171 -0.1204492293
0.0824529791 -0.1187369151
0.0253280900 -0.0933662069
-0.0577722451 -0.0385797095
-0.1150180803 0.0369510338
-0.1264284095 0.0936471436
-0.1146005305 0.1192577077
0.1513613427 0.1499053175
0.2273268425 0.0450154252
0.3089147472 -0.0668787351
0.3543087306 -0.0549935460
0.2916592449 0.1269737088
0.1658217648 0.1855482693
0.1696669013 0.1174026304
0.2603639924 0.0014681963
0.3288973544 -0.0891548116
0.3517251489 0.0084585062
0.2405912885 0.1681432133
0.1496378249 0.1701013708
0.2000955114 0.0787491164
0.2894477862 -0.0393249478
0.3452594701 -0.0847274850
0.3260547389 0.0792603716
0.1931350320 0.1863124693
0.1537711125 0.1438038115
0.2343454966 0.0360494452
0.3134178565 -0.0728848541
0.3553947969 -0.0437753782
0.2814995004 0.1372738954
0.1607805100 0.1835135936
0.1752085225 0.1098998543
0.2667236671 -0.0072818097
0.3325260232 -0.0909296137
0.3483904007 0.0232303281
0.2301096055 0.1737506139
0.1488859592 0.1654372781
0.2070713098 0.0702073784
0.2948124191 -0.0469936275
0.3481296919 -0.0792924078
0.3180908735 0.0926852798
0.1849547925 0.1873001859
0.1569289609 0.1373857260
0.2412668870 0.0270473914
0.3176859406 -0.0782770754
0.3557358999 -0.0314052764
0.2710600470 0.1466557830
0.1566295292 0.1808433085
0.1811930783 0.1021457039
0.2728999664 -0.0158760199
0.3360070828 -0.0914384498
0.3440202459 0.0380804325
0.2199024508 0.1783850522
0.1489858453 0.1603651969
0.2141385966 0.0615213632
0.2999533439 -0.0543223534
0.3506964838 -0.0722349184
0.3094006411 0.1054102225
0.1775158901 0.1874314006
0.1607899639 0.1306665777
0.2480770300 0.0180608504
0.3217621289 -0.0829247642
0.3552280842 -0.0180880467
0.2604382794 0.1550665192
0.1533599569 0.1775669136
0.1875510916 0.0941703605
0.2788688578 -0.0242893308
0.3393899462 -0.0905219080
0.3386338940 0.0528034509
0.2100725527 0.1820401308
0.1499107271 0.1549008824
0.2212221606 0.0526970446
0.3048627279 -0.0612597740
0.3528497735 -0.0636180472
0.3000937224 0.1173493301
0.1708772084 0.1867525832
0.1653001686 0.1236616771
0.2547467937 0.0091218358
0.3256612582 -0.0867018027
0.3537837737 -0.0040477013
0.2497649580 0.1625153699
0.1509867536 0.1737767969
0.1941914891 0.0859744147
0.2846448555 -0.0324688000
0.3426125577 -0.0880998330
0.3322717551 0.0672077395
0.2007260111 0.1847308038
0.1516460014 0.1490869564
-0.0420607286 0.2039006128
0.0035442412 0.1310116105
0.1100700075 0.0400092209
0.1854418749 -0.0711109692
0.2246789036 -0.1672297455
0.2239791757 -0.2817010573
0.0023381531 -0.4009126867
0.3466311532 0.1504873505
0.1554530545 0.2814753645
-0.0048243149 0.2636172108
-0.0402738278 0.1920123302
0.0188832314 0.1180912578
0.1270180808 0.0216646107
0.1937536394 -0.0882469533
0.2300068350 -0.1839516654
0.2090830211 -0.3070307806
-0.0770516675 -0.3959074903
0.3144797937 0.1904362956
0.1170421492 0.2874536341
-0.0204461722 0.2502957837
-0.0341103349 0.1773552250
0.0410294871 0.1007791795
0.1463176295 -0.0024207234
0.2035437343 -0.1093906074
0.2352631560 -0.2069543042
0.1770341059 -0.3405118741
-0.2067325219 -0.3495636947
0.3981972827 -0.0701995242
0.2698658124 0.2292632103
0.0722291815 0.2875995272
-0.0335302531 0.2327329956
-0.0226000719 0.1595541910
0.0688797937 0.0783782273
0.1646612369 -0.0306659956
0.2130121960 -0.1328749038
0.2363894131 -0.2350471019
0.1223270202 -0.3736858443
0.3912444278 0.0488211273
0.2236038467 0.2570761662
0.0350947298 0.2812128077
-0.0404425877 0.2160961246
-0.0089618463 0.1432933175
0.0929683800 0.0569057296
0.1772599418 -0.0542958888
0.2197922711 -0.1524456446
0.2318147281 -0.2606210991
0.0606625748 -0.3935520188
0.3693952489 0.1105672264
0.1865459758 0.2726151625
0.0113522666 0.2727450205
-0.0420514828 0.2032570307
0.0042905092 0.1303410075
0.1109841152 0.0390680147
0.1858801525 -0.0720165200
0.2249526182 -0.1680666962
0.2233983510 -0.2829437965
-0.0013085565 -0.4010646237
0.3451546845 0.1526620770
0.1535603492 0.2818905115
-0.0057018281 0.2630056300
-0.0400663326 0.1913070708
0.0198876423 0.1172887969
0.1280112577 0.0205233872
0.1942522019 -0.0892810015
0.2303224112 -0.1850201027
0.2078818253 -0.3086511817
-0.0825467813 -0.3949449940
0.3123310969 0.1926730589
0.1146671067 0.2876573406
-0.0212705063 0.2494164342
-0.0336083819 0.1764302112
0.0424803579 0.0996479633
0.1474125677 -0.0039377374
0.2041060340 -0.1106779696
0.2354830953 -0.2084287810
0.1745607389 -0.3425049918
-0.2162191075 -0.3440138010
0.3991955329 -0.0608123728
0.2671995269 0.2311437029
0.0698470063 0.2873840393
-0.1978816500 0.2596619936
-0.1185103315 0.3596360721
0.1659146890 0.3611340219
-0.3486144926 -0.1734436122
-0.2121749839 -0.2821675904
-0.0447032545 -0.3070822264
0.0646470816 -0.2633184723
0.1023720781 -0.2151752856
0.1052304596 -0.1808222958
0.0843802477 -0.1511452487
0.0314614376 -0.1134280768
-0.0579163715 -0.0523880238
-0.1290480733 0.0336234319
-0.1529489687 0.1042934306
-0.1615335527 0.1482093881
-0.1738165903 0.1812006444
-0.1928048641 0.2226389941
-0.1854148440 0.2990916606
-0.0123140105 0.3899315061
0.2919792644 0.2771760978
-0.4029700050 -0.0380139732
-0.3015276004 -0.2262943144
-0.1472003414 -0.3023768133
0.0085146908 -0.2946180316
0.0854555525 -0.2432074735
0.1068204981 -0.2009201170
0.1010531264 -0.1701033575
0.0705824434 -0.1394680887
0.0037680962 -0.0957508336
-0.0883386218 -0.0240484299
-0.1410333217 0.0613894485
-0.1561383026 0.1217187152
-0.1646921946 0.1597327812
-0.1796542171 0.1930300079
-0.1972916482 0.2426370983
-0.1554819859 0.3346082315
0.0907338703 0.3842657740
0.3839620878 0.1373730243
-0.3750968932 -0.1284026031
-0.2523380061 -0.2620362199
-0.0867238744 -0.3091993120
0.0447894113 -0.2772366772
0.0969913479 -0.2262162142
0.1067303483 -0.1887689808
0.0921963199 -0.1590138724
0.0488455326 -0.1246462123
-0.0333713106 -0.0710892254
-0.1162673927 0.0112903294
-0.1497190092 0.0892287010
-0.1597333753 0.1389425192
-0.1704200040 0.1732602798
-0.1886074498 0.2110136437
-0.1948221288 0.2771023631
-0.0737265179 0.3779858470
0.2284887595 0.3279686705
-0.3263886970 -0.2014377125
-0.1806295541 -0.2937075658
-0.0167257115 -0.3020967715
0.0761237180 -0.2532123804
0.1051120186 -0.2078954043
0.1036301094 -0.1755221678
0.0783170133 -0.1456482360
0.0188371375 -0.1053436478
-0.0730015942 -0.0392311079
-0.1353884762 0.0472778099
-0.1544960965 0.1129460457
-0.1627734509 0.1537029358
-0.1762038920 0.1863980639
-0.1950770969 0.2309239802
-0.1750724978 0.3142894584
0.0314546398 0.3911731047
0.3302304816 0.2338906643
-0.3933232031 -0.0810844977
-0.2826429383 -0.2417833790
-0.1229858864 -0.3064593729
0.0243388193 -0.2881315159
0.0907757050 -0.2362486893
0.1072219160 -0.1959978802
0.0981074722 -0.1658412940
0.0629591032 -0.1340356438
-0.3359369612 0.0844447297
-0.3410553317 -0.0419453354
-0.2198040853 -0.1760147909
-0.1539430917 -0.1565632130
-0.2194700085 -0.0582677980
-0.3029860052 0.0537639693
-0.3509826485 0.0599348011
-0.3013388154 -0.1133161605
-0.1757592128 -0.1836722047
-0.1691839148 -0.1228588235
-0.2564125364 -0.0104984562
-0.3263707760 0.0810222960
-0.3508936527 -0.0038978935
-0.2467459097 -0.1621673585
-0.1548958919 -0.1692650543
-0.2010780285 -0.0810289915
-0.2890942271 0.0344989945
-0.3445305482 0.0777090960
-0.3238107832 -0.0801231608
-0.1950717941 -0.1831336980
-0.1590030682 -0.1406591783
-0.2385179861 -0.0340927012
-0.3155965762 0.0701612936
-0.3538257252 0.0311868540
-0.2744242315 -0.1414625174
-0.1619867705 -0.1785973728
-0.1839567882 -0.1025102659
-0.2736718803 0.0130451693
-0.3361756121 0.0844168498
-0.3406904973 -0.0430272726
-0.2190745147 -0.1762895633
-0.1539983555 -0.1561597147
-0.2199898144 -0.0576166651
-0.3033477736 0.0542645406
-0.3511112711 0.0592901511
-0.3006393528 -0.1141559666
-0.1752989079 -0.1836034832
-0.1695400949 -0.1223409466
-0.2568948606 -0.0098412486
-0.3266561034 0.0812296006
-0.3507032682 -0.0049283707
-0.2459730582 -0.1626493727
-0.1547892902 -0.1689566494
-0.2015772448 -0.0804027785
-0.2895105364 0.0350668044
-0.3447526435 0.0773566423
-0.3232514926 -0.0811167596
-0.1944659730 -0.1832407108
-0.1592200597 -0.1401890798
-0.2390290214 -0.0334297903
-0.3159269262 0.0705371691
-0.3538191218 0.0302916757
-0.2736532736 -0.1421231309
-0.1616998599 -0.1783827425
-0.1844031652 -0.1019267465
-0.2741268011 0.0136644840
-0.3364392833 0.0843650786
-0.3402963034 -0.0440803537
-0.2183592641 -0.1765805781
-0.1540659801 -0.1557690072
-0.2205156320 -0.0569715929
-0.3037212260 0.0547541137
-0.3512600215 0.0586198438
-0.2999480180 -0.1150069618
-0.1748448436 -0.1835337065
-0.1698876314 -0.1218025291
-0.2573800690 -0.0091879839
-0.3269366155 0.0814334974
-0.3505226680 -0.0059767083
-0.2452015743 -0.1631272290
-0.1546829202 -0.1686365583
-0.2020821886 -0.0797816583
-0.2899111521 0.0356432558
-0.3449542223 0.0770082260
-0.3226823421 -0.0820999457
-0.1938534892 -0.1833230000
-0.1594423307 -0.1397193354
-0.2395376327 -0.0327649989
-0.3162352340 0.0709220113
-0.3538275643 0.0293736243
-0.1513613427 -0.1499053175
-0.2273268425 -0.0450154252
-0.3089147472 0.0668787351
-0.3543087306 0.0549935460
-0.2916592449 -0.1269737088
-0.1658217648 -0.1855482693
-0.1696669013 -0.1174026304
-0.2603639924 -0.0014681963
-0.3288973544 0.0891548116
-0.3517251489 -0.0084585062
-0.2405912885 -0.1681432133
-0.1496378249 -0.1701013708
-0.2000955114 -0.0787491164
-0.2894477862 0.0393249478
-0.3452594701 0.0847274850
-0.3260547389 -0.0792603716
-0.1931350320 -0.1863124693
-0.1537711125 -0.1438038115
-0.2343454966 -0.0360494452
-0.3134178565 0.0728848541
-0.3553947969 0.0437753782
-0.2814995004 -0.1372738954
-0.1607805100 -0.1835135936
-0.1752085225 -0.1098998543
-0.2667236671 0.0072818097
-0.3325260232 0.0909296137
-0.3483904007 -0.0232303281
-0.2301096055 -0.1737506139
-0.1488859592 -0.1654372781
-0.2070713098 -0.0702073784
-0.2948124191 0.0469936275
-0.3481296919 0.0792924078
-0.3180908735 -0.0926852798
-0.1849547925 -0.1873001859
-0.1569289609 -0.1373857260
-0.2412668870 -0.0270473914
-0.3176859406 0.0782770754
-0.3557358999 0.0314052764
-0.2710600470 -0.1466557830
-0.1566295292 -0.1808433085
-0.1811930783 -0.1021457039
-0.2728999664 0.0158760199
-0.3360070828 0.0914384498
-0.3440202459 -0.0380804325
-0.2199024508 -0.1783850522
-0.1489858453 -0.1603651969
-0.2141385966 -0.0615213632
-0.2999533439 0.0543223534
-0.3506964838 0.0722349184
-0.3094006411 -0.1054102225
-0.1775158901 -0.1874314006
-0.1607899639 -0.1306665777
-0.2480770300 -0.0180608504
-0.3217621289 0.0829247642
-0.3552280842 0.0180880467
-0.2604382794 -0.1550665192
-0.1533599569 -0.1775669136
-0.1875510916 -0.0941703605
-0.2788688578 0.0242893308
-0.3393899462 0.0905219080
-0.3386338940 -0.0528034509
-0.2100725527 -0.1820401308
-0.1499107271 -0.1549008824
-0.2212221606 -0.0526970446
-0.3048627279 0.0612597740
-0.3528497735 0.0636180472
-0.3000937224 -0.1173493301
-0.1708772084 -0.1867525832
-0.1653001686 -0.1236616771
-0.2547467937 -0.0091218358
-0.3256612582 0.0867018027
-0.3537837737 0.0040477013
-0.2497649580 -0.1625153699
-0.1509867536 -0.1737767969
-0.1941914891 -0.0859744147
-0.2846448555 0.0324688000
-0.3426125577 0.0880998330
-0.3322717551 -0.0672077395
-0.2007260111 -0.1847308038
-0.1516460014 -0.1490869564
0.0420607286 -0.2039006128
-0.0035442412 -0.1310116105
-0.1100700075 -0.0400092209
-0.1854418749 0.0711109692
-0.2246789036 0.1672297455
-0.2239791757 0.2817010573
-0.0023381531 0.4009126867
-0.3466311532 -0.1504873505
-0.1554530545 -0.2814753645
0.0048243149 -0.2636172108
0.0402738278 -0.1920123302
-0.0188832314 -0.1180912578
-0.1270180808 -0.0216646107
-0.1937536394 0.0882469533
-0.2300068350 0.1839516654
-0.2090830211 0.3070307806
0.0770516675 0.3959074903
-0.3144797937 -0.1904362956
-0.1170421492 -0.2874536341
0.0204461722 -0.2502957837
0.0341103349 -0.1773552250
-0.0410294871 -0.1007791795
-0.1463176295 0.0024207234
-0.2035437343 0.1093906074
-0.2352631560 0.2069543042
-0.1770341059 0.3405118741
0.2067325219 0.3495636947
-0.3981972827 0.0701995242
-0.2698658124 -0.2292632103
-0.0722291815 -0.2875995272
0.0335302531 -0.2327329956
0.0226000719 -0.1595541910
-0.0688797937 -0.0783782273
-0.1646612369 0.0306659956
-0.2130121960 0.1328749038
-0.2363894131 0.2350471019
-0.1223270202 0.3736858443
-0.3912444278 -0.0488211273
-0.2236038467 -0.2570761662
-0.0350947298 -0.2812128077
0.0404425877 -0.2160961246
0.0089618463 -0.1432933175
-0.0929683800 -0.0569057296
-0.1772599418 0.0542958888
-0.2197922711 0.1524456446
-0.2318147281 0.2606210991
-0.0606625748 0.3935520188
-0.3693952489 -0.1105672264
-0.1865459758 -0.2726151625
-0.0113522666 -0.2727450205
0.0420514828 -0.2032570307
-0.0042905092 -0.1303410075
-0.1109841152 -0.0390680147
-0.1858801525 0.0720165200
-0.2249526182 0.1680666962
-0.2233983510 0.2829437965
0.0013085565 0.4010646237
-0.3451546845 -0.1526620770
-0.1535603492 -0.2818905115
0.0057018281 -0.2630056300
0.0400663326 -0.1913070708
-0.0198876423 -0.1172887969
-0.1280112577 -0.0205233872
-0.1942522019 0.0892810015
-0.2303224112 0.1850201027
-0.2078818253 0.3086511817
0.0825467813 0.3949449940
-0.3123310969 -0.1926730589
-0.1146671067 -0.2876573406
0.0212705063 -0.2494164342
0.0336083819 -0.1764302112
-0.0424803579 -0.0996479633
-0.1474125677 0.0039377374
-0.2041060340 0.1106779696
-0.2354830953 0.2084287810
-0.1745607389 0.3425049918
0.2162191075 0.3440138010
-0.3991955329 0.0608123728
-0.2671995269 -0.2311437029
-0.0698470063 -0.2873840393
0.1978816500 -0.2596619936
0.1185103315 -0.3596360721
-0.1659146890 -0.3611340219
0.3486144926 0.1734436122
0.2121749839 0.2821675904
0.0447032545 0.3070822264
-0.0646470816 0.2633184723
-0.1023720781 0.2151752856
-0.1052304596 0.1808222958
-0.0843802477 0.1511452487
-0.0314614376 0.1134280768
0.0579163715 0.0523880238
0.1290480733 -0.0336234319
0.1529489687 -0.1042934306
0.1615335527 -0.1482093881
0.1738165903 -0.1812006444
0.1928048641 -0.2226389941
0.1854148440 -0.2990916606
0.0123140105 -0.3899315061
-0.2919792644 -0.2771760978
0.4029700050 0.0380139732
0.3015276004 0.2262943144
0.1472003414 0.3023768133
-0.0085146908 0.2946180316
-0.0854555525 0.2432074735
-0.1068204981 0.2009201170
-0.1010531264 0.1701033575
-0.0705824434 0.1394680887
-0.0037680962 0.0957508336
0.0883386218 0.0240484299
0.1410333217 -0.0613894485
0.1561383026 -0.1217187152
0.1646921946 -0.1597327812
0.1796542171 -0.1930300079
0.1972916482 -0.2426370983
0.1554819859 -0.3346082315
-0.0907338703 -0.3842657740
-0.3839620878 -0.1373730243
0.3750968932 0.1284026031
0.2523380061 0.2620362199
0.0867238744 0.3091993120
-0.0447894113 0.2772366772
-0.0969913479 0.2262162142
-0.1067303483 0.1887689808
-0.0921963199 0.1590138724
-0.0488455326 0.1246462123
0.0333713106 0.0710892254
0.1162673927 -0.0112903294
0.1497190092 -0.0892287010
0.1597333753 -0.1389425192
0.1704200040 -0.1732602798
0.1886074498 -0.2110136437
0.1948221288 -0.2771023631
0.0737265179 -0.3779858470
-0.2284887595 -0.3279686705
0.3263886970 0.2014377125
0.1806295541 0.2937075658
0.0167257115 0.3020967715
-0.0761237180 0.2532123804
-0.1051120186 0.2078954043
-0.1036301094 0.1755221678
-0.0783170133 0.1456482360
-0.0188371375 0.1053436478
0.0730015942 0.0392311079
0.1353884762 -0.0472778099
0.1544960965 -0.1129460457
0.1627734509 -0.1537029358
0.1762038920 -0.1863980639
0.1950770969 -0.2309239802
0.1750724978 -0.3142894584
-0.0314546398 -0.3911731047
-0.3302304816 -0.2338906643
0.3933232031 0.0810844977
0.2826429383 0.2417833790
0.1229858864 0.3064593729
-0.0243388193 0.2881315159
-0.0907757050 0.2362486893
-0.1072219160 0.1959978802
-0.0981074722 0.1658412940
-0.0629591032 0.1340356438
0.3359369612 -0.0844447297
0.3410553317 0.0419453354
0.2198040853 0.1760147909
0.1539430917 0.1565632130
0.2194700085 0.0582677980
0.3029860052 -0.0537639693
0.3509826485 -0.0599348011
0.3013388154 0.1133161605
0.1757592128 0.1836722047
0.1691839148 0.1228588235
0.2564125364 0.0104984562
0.3263707760 -0.0810222960
0.3508936527 0.0038978935
0.2467459097 0.1621673585
0.1548958919 0.1692650543
0.2010780285 0.0810289915
0.2890942271 -0.0344989945
0.3445305482 -0.0777090960
0.3238107832 0.0801231608
0.1950717941 0.1831336980
0.1590030682 0.1406591783
0.2385179861 0.0340927012
0.3155965762 -0.0701612936
0.3538257252 -0.0311868540
0.2744242315 0.1414625174
0.1619867705 0.1785973728
0.1839567882 0.1025102659
0.2736718803 -0.0130451693
0.3361756121 -0.0844168498
0.3406904973 0.0430272726
0.2190745147 0.1762895633
0.1539983555 0.1561597147
0.2199898144 0.0576166651
0.3033477736 -0.0542645406
0.3511112711 -0.0592901511
0.3006393528 0.1141559666
0.1752989079 0.1836034832
0.1695400949 0.1223409466
0.2568948606 0.0098412486
0.3266561034 -0.0812296006
0.3507032682 0.0049283707
0.2459730582 0.1626493727
0.1547892902 0.1689566494
0.2015772448 0.0804027785
0.2895105364 -0.0350668044
0.3447526435 -0.0773566423
0.3232514926 0.0811167596
0.1944659730 0.1832407108
0.1592200597 0.1401890798
0.2390290214 0.0334297903
0.3159269262 -0.0705371691
0.3538191218 -0.0302916757
0.2736532736 0.1421231309
0.1616998599 0.1783827425
0.1844031652 0.1019267465
0.2741268011 -0.0136644840
0.3364392833 -0.0843650786
0.3402963034 0.0440803537
0.2183592641 0.1765805781
0.1540659801 0.1557690072
0.2205156320 0.0569715929
0.3037212260 -0.0547541137
0.3512600215 -0.0586198438
0.2999480180 0.1150069618
0.1748448436 0.1835337065
0.1698876314 0.1218025291
0.2573800690 0.0091879839
0.3269366155 -0.0814334974
0.3505226680 0.0059767083
0.2452015743 0.1631272290
0.1546829202 0.1686365583
0.2020821886 0.0797816583
0.2899111521 -0.0356432558
0.3449542223 -0.0770082260
0.3226823421 0.0820999457
0.1938534892 0.1833230000
0.1594423307 0.1397193354
0.2395376327 0.0327649989
0.3162352340 -0.0709220113
0.3538275643 -0.0293736243
0.2297953517 0.3043274502
0.1825544724 0.3137694371
0.0707306659 0.3275277415
-0.0412010696 0.3083799798
-0.1078522951 0.2816497573
-0.1422876808 0.2804911139
-0.1389262476 0.3184073389
-0.0326205407 0.3753495364
0.1467129259 0.3565719256
0.2282629059 0.3076819117
0.1973831011 0.3099146910
0.0937189772 0.3271325753
-0.0238369836 0.3138398436
-0.0985694310 0.2852768645
-0.1378873214 0.2780421236
-0.1446723007 0.3083862341
-0.0624251049 0.3677385956
0.1177876591 0.3665082849
0.2229350036 0.3131872584
0.2097182828 0.3065553845
0.1161590958 0.3254691637
-0.0047338751 0.3187559079
-0.0881173092 0.2896993382
-0.1325683329 0.2768814298
-0.1474981139 0.2996624885
-0.0878669556 0.3577540039
0.0855147339 0.3743832746
0.2134721094 0.3207587570
0.2192987362 0.3040975461
0.1375077758 0.3227864687
0.0159313484 0.3228017325
-0.0763535990 0.2947423790
-0.1264181114 0.2769262229
-0.1479997030 0.2923321022
-0.1084393233 0.3463871472
0.0510084184 0.3792387066
0.1996014584 0.3301538400
0.2259096614 0.3029738467
0.1573282836 0.3193671863
0.0378449347 0.3257019789
-0.0631294151 0.3002128948
-0.1194503648 0.2781035773
-0.1466781472 0.2864507354
-0.1241235464 0.3346013439
0.0158012672 0.3804028284
0.1811636403 0.3407680277
0.2293432832 0.3034975984
0.1752924854 0.3155113684
0.0605813748 0.3272820715
-0.0482901792 0.3058878792
-0.1116102880 0.2803443840
-0.1438965585 0.2820007658
-0.1352872702 0.3231783552
-0.0183449652 0.3776956023
0.1582057694 0.3518114213
0.2293863343 0.3059396666
0.1911372113 0.3115726621
0.0836174803 0.3274663957
-0.0317094488 0.3114766860
-0.1027959661 0.2835692220
-0.1399507162 0.2789611376
-0.1425389100 0.3126532110
-0.0497770859 0.3714421907
0.1309999834 0.3623227365
0.2257717444 0.3104912008
0.2046039084 0.3079423997
0.1063709469 0.3263370475
-0.0133603526 0.3166780784
-0.0928761969 0.2876598918
-0.1350227682 0.2772448818
-0.1465741965 0.3033426590
-0.0772369019 0.3623915898
0.1000902176 0.3712265644
0.2181730690 0.3171797103
0.2154308745 0.3050435849
0.1282640065 0.3240795387
0.0066476488 0.3211520274
-0.0817089560 0.2924533125
-0.1292295769 0.2767638294
-0.1480309587 0.2953875437
0.2392042687 0.3229397682
-0.3204608790 -0.2026431190
-0.1574410110 -0.2961479713
0.0043089875 -0.2904138340
0.0784876767 -0.2347740744
0.0882869428 -0.1855746558
0.0567525094 -0.1422160275
-0.0198886072 -0.0875110149
-0.1128038923 -0.0041582968
-0.1579192660 0.0832473126
-0.1764015231 0.1446094034
-0.1960132521 0.1962209889
-0.2038479188 0.2704988130
-0.0765812513 0.3798107658
0.2586287707 0.3086299106
-0.3128867550 -0.2105076743
-0.1477306650 -0.2983232137
0.0106699426 -0.2878793591
0.0802601074 -0.2317931048
0.0875654350 -0.1831885663
0.0537260358 -0.1396809926
-0.0253339460 -0.0837203992
-0.1167025818 0.0010941965
-0.1592548049 0.0873102429
-0.1773482722 0.1474707915
-0.1971815818 0.1993856778
-0.2022954646 0.2760316730
-0.0616669901 0.3839593840
0.2779423557 0.2925066645
-0.4029202854 0.0616011163
-0.3051469038 -0.2179616450
-0.1380092417 -0.3002088108
0.0167257330 -0.2852189549
0.0818572802 -0.2288479202
0.0867188624 -0.1808113114
0.0505352944 -0.1371013048
-0.0308820938 -0.0798026642
-0.1204282520 0.0063855709
-0.1605184115 0.0913025114
-0.1782931150 0.1503105886
-0.1983188393 0.2026139060
-0.2003187879 0.2816902293
-0.0460509525 0.3874418658
0.2972862856 0.2741129766
-0.4057814286 0.0184780432
-0.2972473709 -0.2251010352
-0.1282712597 -0.3018055935
0.0224948518 -0.2824423133
0.0832841860 -0.2259199462
0.0857475420 -0.1784353335
0.0471770221 -0.1344635075
-0.0365069872 -0.0757600989
-0.1239755977 0.0116920608
-0.1617149614 0.0952176103
-0.1792407021 0.1531286877
-0.1994186426 0.2059085755
-0.1979229318 0.2874890149
-0.0298003002 0.3901777445
0.3169270551 0.2526396429
-0.4045741360 -0.0108126129
-0.2891496053 -0.2318872831
-0.1185135057 -0.3030938401
0.0279914833 -0.2795593751
0.0845585800 -0.2230219517
0.0846613682 -0.1760660752
0.0436626095 -0.1317753628
-0.0421741276 -0.0716000105
-0.1273364186 0.0169868935
-0.1628497890 0.0990465994
-0.1801961493 0.1559241299
-0.2004751737 0.2092729254
-0.1950378323 0.2933958040
-0.0129868137 0.3921374463
0.3374204862 0.2263222771
-0.4017214567 -0.0344726126
-0.2808650931 -0.2383982449
-0.1087508256 -0.3040807272
0.0332250538 -0.2765811577
0.0856894506 -0.2201542433
0.0834558611 -0.1736916675
-0.3761988482 -0.0083083381
-0.2112607359 -0.2201531660
-0.0720535765 -0.2138365486
-0.1089409691 -0.1188255282
-0.2219902976 0.0128876606
-0.2928940121 0.1511564488
-0.3235802042 0.2208953613
-0.3563268824 -0.0736498265
-0.1706046842 -0.2334945563
-0.0662263521 -0.1974610322
-0.1322882250 -0.0944341633
-0.2409209822 0.0423181019
-0.2995695675 0.1784405054
-0.3464848341 0.1867812930
-0.3253536553 -0.1277703495
-0.1341370923 -0.2379061784
-0.0680475659 -0.1790135709
-0.1571146620 -0.0682747844
-0.2577350796 0.0712149127
-0.3033072915 0.2031341451
-0.3702751863 0.1261946338
-0.2874687079 -0.1703163178
-0.1044362783 -0.2345411304
-0.0769609187 -0.1590438022
-0.1816270189 -0.0405110629
-0.2725088432 0.0996554044
-0.3060600238 0.2218776053
-0.3809454547 0.0522168104
-0.2460902628 -0.2018535481
-0.0831100993 -0.2250555217
-0.0922923842 -0.1376802236
-0.2046152801 -0.0115259614
-0.2848947854 0.1279276682
-0.3121330723 0.2291246218
-0.3737519863 -0.0203727382
-0.2040302469 -0.2231461136
-0.0704669358 -0.2111878925
-0.1127948923 -0.1147282513
-0.2254369535 0.0180171771
-0.2942966439 0.1559813899
-0.3269177463 0.2170257798
-0.3516219927 -0.0838716704
-0.1638990341 -0.2348721280
-0.0660108984 -0.1943874003
-0.1365430678 -0.0900158014
-0.2439870166 0.0473710333
-0.3003884242 0.1829820109
-0.3509794870 0.1779504281
-0.3191717385 -0.1359715130
-0.1284411977 -0.2378485553
-0.0690996047 -0.1756479071
-0.1614302789 -0.0635655023
-0.2604555282 0.0761690751
-0.3037653358 0.2069375096
-0.3733363559 0.1138512890
-0.2804596103 -0.1765607838
-0.1001144089 -0.2332903085
-0.0791877965 -0.1554458180
-0.1857495935 -0.0355557478
-0.2748482924 0.1045645864
-0.3067233537 0.2241509373
-0.3809646597 0.0391991538
-0.2387749632 -0.2062716654
-0.0803005461 -0.2229131687
-0.0955215463 -0.1338121681
-0.2083960460 -0.0064223126
-0.2867504613 0.1328229782
-0.3139359168 0.2286629952
-0.3708489325 -0.0321447822
-0.1968535486 -0.2258431279
-0.0691268077 -0.2084518618
-0.1167392266 -0.1105629456
-0.2288206700 0.0231355008
-0.2955809190 0.1607815907
-0.3305852744 0.2123156269
-0.3466093247 -0.0937472867
-0.1573393574 -0.2359973484
-0.0660220970 -0.1912569880
-0.1408359072 -0.0855522407
-0.2469902216 0.0524063640
-0.2060778477 -0.2433254194
-0.0378837628 -0.2437083427
-0.0316015341 -0.1593996847
-0.1382954848 -0.0517832430
-0.2297799294 0.0801596621
-0.2709008515 0.2123954442
-0.2078775125 0.3435450870
-0.3907561128 0.0151063922
-0.2266894227 -0.2338507011
-0.0469926298 -0.2498524165
-0.0252868480 -0.1685932510
-0.1258756407 -0.0641784498
-0.2224471133 0.0670870542
-0.2697707154 0.1977280977
-0.2145637847 0.3361165013
-0.3906791499 0.0689781146
-0.2514696082 -0.2200011387
-0.0601752289 -0.2564642764
-0.0186461632 -0.1799504801
-0.1094507074 -0.0793487063
-0.2122169901 0.0501654562
-0.2663581506 0.1793359442
-0.2262572882 0.3225544026
-0.3722735795 0.1535613271
-0.2834351183 -0.1969859623
-0.0816956207 -0.2626961422
-0.0133729097 -0.1944793757
-0.0884526112 -0.0980600220
-0.1981823311 0.0279333706
-0.2600938089 0.1566006981
-0.2427128396 0.3001208549
-0.3028246057 0.2713412770
-0.3194952005 -0.1612311814
-0.1130590212 -0.2650772471
-0.0131882915 -0.2105225305
-0.0671654434 -0.1177280319
-0.1817307289 0.0031465319
-0.2520899710 0.1327880480
-0.2574326952 0.2730059454
-0.2191224444 0.3428499439
-0.3502169268 -0.1172718353
-0.1472784348 -0.2614155775
-0.0188586902 -0.2243558858
-0.0512098569 -0.1343540391
-0.1661956448 -0.0185308983
-0.2444575193 0.1124930097
-0.2659453150 0.2493047312
-0.2006210911 0.3525672209
-0.3703162357 -0.0748227920
-0.1760665766 -0.2542494385
-0.0268969923 -0.2342876131
-0.0409943594 -0.1466983514
-0.1533646637 -0.0348229954
-0.2379814326 0.0970174477
-0.2697010927 0.2315148840
-0.2019965848 0.3499537694
-0.3821329969 -0.0373663775
-0.1986754380 -0.2463405994
-0.0349382869 -0.2414421436
-0.0338940511 -0.1562116349
-0.1423127019 -0.0474956404
-0.2320473464 0.0845241614
-0.2708890420 0.2173307159
-0.2061080183 0.3454893087
-0.3891558201 -0.0001966346
-0.2189375560 -0.2376148496
-0.0433951201 -0.2475820978
-0.0276302192 -0.1650849421
-0.1307462581 -0.0594513123
-0.2253723468 0.0721546420
-0.2703992682 0.2033835927
-0.2117012585 0.3393162484
-0.3917899566 0.0467023956
-0.2416918281 -0.2258377200
-0.0546389335 -0.2539970643
-0.0210614455 -0.1754599818
-0.1160173816 -0.0733887852
-0.2163714664 0.0569313864
-0.2679223116 0.1865840297
-0.2212877113 0.3284684323
-0.2106484502 -0.2977449551
-0.0826539979 -0.3221898622
0.0400946556 -0.3011687932
0.1083941556 -0.2667638096
0.1452214050 -0.2549685829
0.1645463606 -0.2780151889
0.1232346542 -0.3431302825
-0.0620971214 -0.3814685054
-0.2401465871 -0.3094943371
-0.2839556046 -0.2647586734
-0.2304566882 -0.2897837719
-0.1110104949 -0.3205479837
0.0197041973 -0.3082498686
0.0981777038 -0.2724640220
0.1391226370 -0.2548117010
0.1628952968 -0.2699449178
0.1417607527 -0.3274368361
-0.0161801458 -0.3838336043
-0.2148973530 -0.3268867365
-0.2843106025 -0.2668983593
-0.2473440567 -0.2820955150
-0.1386729783 -0.3169008668
-0.0032722907 -0.3144102373
0.0864380489 -0.2791106285
0.1324620605 -0.2561225659
0.1597253303 -0.2639045036
0.1537213193 -0.3127601802
0.0269671815 -0.3800288096
-0.1839428931 -0.3443440591
-0.2802888891 -0.2726855041
-0.2607629113 -0.2754646653
-0.1641649606 -0.3117880022
-0.0278051679 -0.3189471509
0.0733120206 -0.2861899268
0.1253755421 -0.2585961798
0.1556533464 -0.2596381308
0.1605840654 -0.2998636718
0.0644842630 -0.3713075381
-0.1486578789 -0.3599371301
-0.2722373908 -0.2815887871
-0.2711881555 -0.2701487092
-0.1874780032 -0.3055528028
-0.0535255833 -0.3215922741
0.0585484226 -0.2933909458
0.1177131309 -0.2619948191
0.1509659010 -0.2567233141
0.1639142162 -0.2885455461
0.0960744903 -0.3590116260
-0.1091247676 -0.3725792302
-0.2597969357 -0.2934164387
-0.2790268143 -0.2663054508
-0.2092118911 -0.2982787832
-0.0807318197 -0.3222255472
0.0413823295 -0.3006718298
0.1090392585 -0.2664167472
0.1456143918 -0.2550340154
0.1645830648 -0.2786354709
0.1217143358 -0.3442111916
-0.0652316323 -0.3810716256
-0.2416353007 -0.3083544790
-0.2837701154 -0.2647487505
-0.2291776151 -0.2903357491
-0.1090605214 -0.3207240533
0.0211985106 -0.3077847478
0.0989292086 -0.2720361068
0.1395619620 -0.2547737542
0.1630641335 -0.2704335788
0.1407079325 -0.3284975299
-0.0192949468 -0.3838597011
-0.2168308135 -0.3256522449
-0.2844288493 -0.2666276303
-0.2462967416 -0.2825984521
-0.1368338512 -0.3172054653
-0.0016341228 -0.3140314069
0.0872895177 -0.2786351324
0.1329335030 -0.2559910442
0.1599796485 -0.2642591288
0.1530874275 -0.3137173800
0.0241697472 -0.3804725108
-0.1862180781 -0.3431926386
-0.2334047619 -0.3149469266
-0.2897517164 -0.2609856055
-0.2450841897 -0.2824137259
-0.1314391187 -0.3176132985
0.0039390060 -0.3121665520
0.0902431786 -0.2759690261
0.1343870855 -0.2538233107
0.1610868048 -0.2625339006
0.1548482915 -0.3123754644
0.0262187235 -0.3804501067
-0.1873626764 -0.3429798062
-0.2851047309 -0.2687477272
-0.2669783104 -0.2711994193
-0.1719246704 -0.3093919608
-0.0346276922 -0.3193836065
0.0697579805 -0.2871640602
0.1233390848 -0.2578353655
0.1544584431 -0.2561387636
0.1641465360 -0.2923884944
0.0836742746 -0.3648675512
-0.1289984128 -0.3671243988
-0.2700861940 -0.2847519031
-0.2818612095 -0.2631769854
-0.2077459380 -0.2982479837
-0.0768166248 -0.3218310351
0.0444341158 -0.2987931880
0.1104887779 -0.2643177422
0.1463592987 -0.2530258862
0.1657677162 -0.2763749494
0.1255124214 -0.3420521156
-0.0606737464 -0.3819061495
-0.2424882125 -0.3082580139
-0.2893272770 -0.2604544713
-0.2385375641 -0.2855105220
-0.1208282550 -0.3190440367
0.0127026005 -0.3098013538
0.0946803534 -0.2733988770
0.1369013106 -0.2532517567
0.1624152660 -0.2647026487
0.1508959864 -0.3179155901
0.0099914329 -0.3825530943
-0.1999297378 -0.3361951013
-0.2871942639 -0.2660319794
-0.2622861180 -0.2737016673
-0.1624153664 -0.3117105551
-0.0247756188 -0.3180293199
0.0751778226 -0.2843394689
0.1261867930 -0.2566197260
0.1562370468 -0.2573862502
0.1627186702 -0.2969328150
0.0709353820 -0.3695780643
-0.1443714810 -0.3618667647
-0.2748071880 -0.2801134654
-0.2788202573 -0.2647683131
-0.1993517429 -0.3011976806
-0.0661647540 -0.3217142372
0.0512099179 -0.2959409412
0.1138782008 -0.2624892788
0.1484796952 -0.2534966208
0.1659163199 -0.2799356491
0.1167585092 -0.3480209286
-0.0781431640 -0.3794375062
-0.2506356611 -0.3018665370
-0.2883092712 -0.2604521548
-0.2315507717 -0.2886718044
-0.1100566187 -0.3201996409
0.0211115721 -0.3072521309
0.0988935686 -0.2709438849
0.1393479833 -0.2528805944
0.1635804668 -0.2671439397
0.1461006999 -0.3236542915
-0.0068753095 -0.3837988289
-0.2117205872 -0.3292707060
-0.2886693947 -0.2638265365
-0.2571566276 -0.2763838723
-0.1526133856 -0.3138487368
-0.0151496680 -0.3163727934
0.0803357729 -0.2815508128
0.1289395797 -0.2555445401
0.1579312686 -0.2588387909
-0.1448241184 -0.3813572774
0.3613916248 0.1091308586
0.1635700252 0.2672352654
0.0098401885 0.2455299167
0.0052927268 0.1639810008
0.1048258177 0.0676852336
0.1998574689 -0.0555133383
0.2498637003 -0.1732231362
0.2187201690 -0.3154826749
-0.1028286543 -0.3945142569
0.3669821535 0.0975798060
0.1716415792 0.2650789782
0.0128488231 0.2482063209
0.0031384154 0.1672445714
0.1002081001 0.0719581858
0.1972206302 -0.0508182762
0.2486035880 -0.1685616702
0.2235467694 -0.3095007225
-0.0705817759 -0.4013186534
0.3722400799 0.0854506278
0.1797429218 0.2626576395
0.0160822902 0.2508122429
0.0011332143 0.1705112666
0.0955632822 0.0761794095
0.1945161300 -0.0460869190
0.2472693119 -0.1639365274
0.2279818361 -0.3034780621
-0.0438772634 -0.4048682702
0.3771294815 0.0727051562
0.1878633815 0.2599679663
0.0195450168 0.2533407848
-0.0007192426 0.1737603693
0.0909026276 0.0803483870
0.1917411384 -0.0413200274
0.2458680977 -0.1593439362
0.2320682388 -0.2974516104
-0.0208947299 -0.4064376963
0.3816100581 0.0593012241
0.1959983381 0.2570172215
0.0232420614 0.2557844296
-0.0024143198 0.1770155448
0.0862396206 0.0844669777
0.1888926604 -0.0365192992
0.2444061343 -0.1547801387
0.2357715337 -0.2914193444
-0.0006301857 -0.4066846571
0.3856362531 0.0451928997
0.2041409339 0.2538027416
0.0271788958 0.2581349259
-0.0039465466 0.1802545263
0.0815874129 0.0885352746
0.1859676758 -0.0316874836
0.2428885655 -0.1502415306
0.2391427074 -0.2854140216
0.0175457554 -0.4059695025
0.3891197163 0.0302668345
0.2122850904 0.2503210261
0.0313609724 0.2603822899
-0.0053105461 0.1835023423
0.0769598847 0.0925533925
0.1829633088 -0.0268284699
0.2413195322 -0.1457248048
0.2421461619 -0.2794315849
0.0340592604 -0.4045434575
0.3920164875 0.0145020149
0.2204250808 0.2465678341
0.0357926890 0.2625101197
-0.0064994982 0.1867352136
0.0723714225 0.0965214701
0.1798769855 -0.0219472848
0.2397022443 -0.1412270387
0.2448308771 -0.2734972483
0.0492166449 -0.4025684602
0.3942061290 -0.0022395322
0.2285467525 0.2425190016
0.0404793757 0.2645162663
-0.0075076695 0.1899732807
0.0678365665 0.1004397392
0.1767065402 -0.0170499560
0.2380390624 -0.1367456879
0.2852141048 0.1652492969
0.1122933404 0.2251554225
0.0975635455 0.1478747210
0.2041646263 0.0247602256
0.2891768053 -0.1138589763
0.3287671672 -0.1972608081
0.3615350848 0.0482307944
0.1889433749 0.2213954228
0.0822357156 0.1944388628
0.1462222483 0.0914244180
0.2527287721 -0.0457549099
0.3104535018 -0.1748944647
0.3700242507 -0.1097039680
0.2856800596 0.1648200456
0.1125680965 0.2252425525
0.0973887976 0.1481321717
0.2038933146 0.0251118695
0.2890327103 -0.1135277794
0.3286141977 -0.1973679487
0.3617821161 0.0474972195
0.1894073514 0.2212537764
0.0822666282 0.1946420113
0.1459329355 0.0917329258
0.2525147568 -0.0454065939
0.3103814926 -0.1746366607
0.3698541046 -0.1104429375
0.2861474339 0.1643876409
0.1128451270 0.2253292158
0.0972141510 0.1483906026
0.2036208343 0.0254652112
0.2888814439 -0.1131975319
0.3284614347 -0.1974727891
0.3620289066 0.0467593592
0.1898740029 0.2211101500
0.0822987455 0.1948458797
0.1456424795 0.0920429645
0.2522997559 -0.0450561638
0.3103092873 -0.1743766895
0.3696822022 -0.1111834766
0.2866169127 0.1639514152
0.1131248598 0.2254155197
0.0970393586 0.1486503904
0.2033438391 0.0258179441
0.2887293996 -0.1128650740
0.3283086681 -0.1975754467
0.3622758039 0.0460161197
0.1903440252 0.2209643012
0.0823321350 0.1950507609
0.1453504535 0.0923549883
0.2520834426 -0.0447030973
0.3102367668 -0.1741141572
0.3695082952 -0.1119266145
0.2870891803 0.1635106930
0.1134077312 0.2255015660
0.0968641778 0.1489119098
0.2030631520 0.0261717730
0.2885763474 -0.1125299094
0.3281556926 -0.1976760216
0.3625231514 0.0452664052
0.1908181190 0.2208159797
0.0823668715 0.1952569451
0.1450564306 0.0926694504
0.2518654870 -0.0443468711
0.3101638086 -0.1738486648
0.3693321371 -0.1126733612
0.2875649211 0.1630647903
0.1136941859 0.2255874509
0.0966883708 0.1491755342
0.2027800585 0.0265288592
0.2884220532 -0.1121915406
0.3280023080 -0.1977745966
0.3627712883 0.0445091184
0.1912969896 0.2206649269
0.0824030366 0.1954647205
0.1447599840 0.0929868027
0.2516455557 -0.0439869604
0.3100902873 -0.1735798078
0.3691534829 -0.1134247077
0.2880448194 0.1626130151
0.1139846771 0.2256732650
0.1884014192 0.2830374350
0.0147360246 0.2910721179
-0.0666411166 0.2332293928
-0.0693936807 0.1763903446
-0.0165489330 0.1215137216
0.0815387168 0.0465334919
0.1535447045 -0.0509215590
0.1836483473 -0.1297524350
0.2071605660 -0.1953339986
0.2047549856 -0.2866993163
0.0174461333 -0.3939506999
0.3412700179 0.1725299272
0.1722321582 0.2882981611
0.0035484996 0.2874820881
-0.0695985215 0.2283000402
-0.0677729564 0.1723835440
-0.0111117167 0.1171663532
0.0879823636 0.0402471500
0.1561489330 -0.0570017622
0.1848143994 -0.1339739395
0.2081326465 -0.1994797528
0.2013405495 -0.2931775207
-0.0007806639 -0.3952290806
0.3351438030 0.1806270791
0.1644621883 0.2905311215
-0.0015102264 0.2856369239
-0.0708647030 0.2260022114
-0.0669610078 0.1705322863
-0.0085591545 0.1151380444
0.0908375799 0.0373351114
0.1572455531 -0.0597183293
0.1853022589 -0.1358419371
0.2085090296 -0.2013183690
0.1996696034 -0.2960102802
-0.0087886342 -0.3954907507
0.3327011931 0.1837161653
0.1614463635 0.2913486342
-0.0034141625 0.2849240023
-0.0713598919 0.2251661851
-0.0667271383 0.1698828324
-0.0077730878 0.1144678721
0.0916823560 0.0364198797
0.1575259894 -0.0605348414
0.1853708259 -0.1363622053
0.2085326868 -0.2017526081
0.1992742734 -0.2965704086
-0.0102902957 -0.3954957244
0.3327450495 0.1836966463
0.1616186849 0.2913531090
-0.0032949085 0.2850354513
-0.0714116554 0.2253276290
-0.0669975921 0.1700998580
-0.0083710011 0.1148184044
0.0909885441 0.0370231671
0.1571572816 -0.0599079513
0.1850593285 -0.1358235914
0.2082130884 -0.2010072810
0.2000226182 -0.2951587667
-0.0060284442 -0.3953693159
0.3353151440 0.1805808499
0.1650721941 0.2905054553
-0.0010682493 0.2860249444
-0.0710366009 0.2265814923
-0.0679006124 0.1712933735
-0.0106627581 0.1163745069
0.0883658685 0.0394791387
0.1559401385 -0.0574741681
0.1842166230 -0.1339296737
0.2073558746 -0.1987017593
0.2021366551 -0.2910344228
0.0061273322 -0.3947284463
0.3416842844 0.1723947777
0.1736568303 0.2881906926
0.0046512079 0.2883409642
-0.0699064777 0.2296170596
-0.0697946447 0.1740853197
-0.0157332449 0.1198933645
0.0823138916 0.0449987384
0.1531245638 -0.0518918171
0.1824051545 -0.1296719439
