x px
-0.0196925335 -0.0306444887
-0.0395332490 0.0237918950
0.0570315727 0.0079932844
-0.0060242937 -0.0326585609
-0.0490401370 0.0184054929
0.0505809627 0.0158719718
0.0074714780 -0.0325570889
-0.0559278916 0.0121329508
0.0406903114 0.0228575307
0.0203679541 -0.0304683765
-0.0594131499 0.0050156630
0.0283980281 0.0282137248
0.0323638058 -0.0268052813
-0.0591993427 -0.0027505650
0.0149578681 0.0315819452
0.0430733814 -0.0220209316
-0.0552148579 -0.0107798211
0.0012885190 0.0328620294
0.0517801995 -0.0163255012
-0.0474931203 -0.0184430138
-0.0120380620 0.0320407654
0.0575492327 -0.0097496787
-0.0366221847 -0.0249288455
-0.0246543523 0.0293475893
0.0597643434 -0.0023727691
-0.0238009088 -0.0296163395
-0.0362600892 0.0252527602
0.0582456811 0.0055374408
-0.0101988081 -0.0322680220
-0.0463746206 0.0201415025
0.0529412457 0.0135243816
0.0034039188 -0.0328099190
-0.0541605979 0.0141394648
0.0440191745 0.0208711562
0.0165181940 -0.0312957142
-0.0587370970 0.0072674204
0.0323210708 0.0267815675
0.0288204779 -0.0280584892
-0.0596612649 -0.0003331847
0.0191141319 0.0307729743
0.0399802313 -0.0235801431
-0.0568340026 -0.0083368456
0.0054415946 0.0326964790
0.0493939854 -0.0181562508
-0.0502245528 -0.0161941425
-0.0080358873 0.0325066921
0.0561488060 -0.0118467479
-0.0402051350 -0.0231217403
-0.0209002945 0.0303409380
0.0594818982 -0.0046941873
-0.0278400231 -0.0283981248
-0.0328509540 0.0266215841
0.0591068545 0.0030909083
-0.0143752463 -0.0316809611
-0.0434919513 0.0217961994
0.0549598285 0.0111186990
-0.0007102296 -0.0328689981
-0.0520908994 0.0160640290
0.0470867544 0.0187490127
0.0125927441 -0.0319617259
-0.0577188393 0.0094501234
0.0361061872 0.0251685169
0.0251724342 -0.0291981468
-0.0597746724 0.0020453994
0.0232299499 0.0297713330
0.0367261655 -0.0250539487
-0.0580989702 -0.0058825476
0.0096144087 0.0323333396
0.0467596160 -0.0199044697
-0.0526331755 -0.0138587443
-0.0039756859 0.0327863571
0.0544256903 -0.0138643093
-0.0435691981 -0.0211582787
-0.0170615317 0.0311897391
0.0588539841 -0.0069551111
-0.0317802096 -0.0269931052
-0.0293220271 0.0278898376
0.0596173299 0.0006687499
-0.0185354503 -0.0308990418
-0.0404216600 0.0233677110
0.0876029130 -0.0350686287
-0.0634143234 -0.0368812746
-0.0524181810 0.0495904292
0.0986359482 0.0053175372
0.0202151096 -0.0601297730
-0.1067044671 0.0175560671
0.0108799377 0.0586850038
0.0930463947 -0.0322814319
-0.0536577390 -0.0423670111
-0.0597445126 0.0464877705
0.0938425786 0.0114377472
0.0261887774 -0.0588769819
-0.1068363053 0.0138803732
0.0040902180 0.0599755178
0.0974657192 -0.0295820463
-0.0442133320 -0.0469968278
-0.0670588763 0.0435008536
0.0880204636 0.0177768794
0.0323043651 -0.0572238734
-0.1062542276 0.0098481562
-0.0023573540 0.0608107636
0.1011627171 -0.0268135044
-0.0348738602 -0.0510397471
-0.0745543817 0.0405431044
0.0807347177 0.0245049953
0.0389103832 -0.0550386451
-0.1047309088 0.0051858814
-0.0087218183 0.0611449592
0.1040737098 -0.0238220844
-0.0257273458 -0.0544778571
-0.0819441434 0.0375678755
0.0718110208 0.0314003707
0.0460793909 -0.0522544080
-0.1019693688 -0.0002427993
-0.0149896759 0.0608529913
0.1059383370 -0.0205486601
-0.0173041235 -0.0570981455
-0.0884597613 0.0346600775
0.0620009527 0.0377286892
0.0534735735 -0.0491406016
-0.0980062833 -0.0061842145
-0.0210746832 0.0599753372
0.1067691745 -0.0170428830
-0.0098707927 -0.0589019092
-0.0937327216 0.0318923483
0.0522904088 0.0430743098
0.0607848409 -0.0460544424
-0.0930802062 -0.0123270914
-0.0270465000 0.0586669879
0.1067989616 -0.0133309663
-0.0031559670 -0.0601208731
-0.0980350307 0.0291948935
0.0428749085 0.0476076168
0.0681207154 -0.0430778894
-0.0870792679 -0.0187141121
-0.0332130942 0.0569477909
0.1061014169 -0.0092268704
0.0032710353 -0.0608936049
-0.1016322338 0.0264028975
0.0335435087 0.0515735453
0.0756345941 -0.0401173320
-0.0795513808 -0.0254949772
-0.0399052188 0.0546745005
0.1044160558 -0.0044543021
0.0096270289 -0.0611435728
-0.1044104709 0.0233695722
0.0244651960 0.0549068509
0.0829464572 -0.0371453571
-0.0704336361 -0.0323573899
-0.0471349756 0.0518192354
0.1014699086 0.0010712004
0.0158723391 -0.0607591381
-0.1061150843 0.0200597659
0.0161813361 0.0574012601
0.0892885135 -0.0342554717
-0.0605913566 -0.0385546984
-0.0545265569 0.0486919507
0.0973576856 0.0070542317
0.0219308281 -0.0598112229
-0.1068159792 0.0165274771
0.0764242551 0.0082834666
0.0029054749 -0.0452353780
-0.0745207328 0.0199742747
0.0484254638 0.0321373004
0.0379527476 -0.0389551796
-0.0799227652 -0.0005674297
0.0090422473 0.0444185497
0.0678706814 -0.0251945662
-0.0596726231 -0.0252693377
-0.0271537430 0.0421571480
0.0808703487 -0.0066781917
-0.0215155939 -0.0421327138
-0.0594497192 0.0300079881
0.0689558139 0.0175233985
0.0161052556 -0.0443519948
-0.0793531393 0.0132410025
0.0341429217 0.0383799186
0.0499116639 -0.0344192184
-0.0756101870 -0.0095625689
-0.0047802491 0.0452302110
0.0753859727 -0.0190878719
-0.0464903534 -0.0331270486
-0.0396628412 0.0383680786
0.0795335418 0.0017892431
-0.0070684462 -0.0446508505
-0.0690863870 0.0243779292
0.0579602864 0.0264552215
0.0289208359 -0.0416975145
-0.0808839250 0.0055494714
0.0194763610 0.0426008661
0.0609007833 -0.0292568263
-0.0676235984 -0.0188067862
-0.0179057391 0.0440803945
0.0797658762 -0.0122296871
-0.0321086230 -0.0390877210
-0.0515098350 0.0337348822
0.0747206768 0.0108429490
0.0066404862 -0.0451841453
-0.0761930531 0.0181843001
0.0445342882 0.0340805449
0.0413592857 -0.0377652125
-0.0790763403 -0.0030213677
0.0051103605 0.0448456858
0.0702471028 -0.0235541236
-0.0562008904 -0.0276157444
-0.0306811165 0.0412131416
0.0808333579 -0.0044030583
-0.0174437092 -0.0430330934
-0.0623244800 0.0284935059
0.0662235544 0.0200836582
0.0197005256 -0.0437749646
-0.0801111509 0.0112015635
0.0300698973 0.0397583897
0.0530867616 -0.0330395985
-0.0737595088 -0.0121282452
-0.0084878694 0.0451014865
0.0769358559 -0.0172665286
-0.0425571239 -0.0349911178
-0.0430415941 0.0371476430
0.0785536718 0.0042662285
-0.0031682762 -0.0449992160
-0.0713590271 0.0227170024
0.0543994156 0.0287490309
0.0324348971 -0.0407060226
-0.0807211148 0.0032372503
0.0154179892 0.0434240161
0.0637112705 -0.0277216536
-0.0647535803 -0.0213455231
-0.0214894702 0.0434361573
0.0803956452 -0.0101507750
-0.0280256044 -0.0403855386
-0.0546442784 0.0323326248
0.0727274620 0.0134184950
0.0103236140 -0.0449813759
-0.0776145822 0.0163331425
0.0405646398 0.0358634158
0.0447103136 -0.0365159027
-0.0779623874 -0.0055204905
0.0012429280 0.0451162562
0.0724144721 -0.0218694793
-0.0437240942 0.0402475135
0.0834300352 0.0034065133
-0.0007900691 -0.0480984782
-0.0777398308 0.0229701366
0.0515163132 0.0333641931
0.0408895718 -0.0412153272
-0.0842177044 -0.0013351601
0.0040018906 0.0478237373
0.0759004478 -0.0243549606
-0.0548417330 -0.0314482406
-0.0378800450 0.0421939123
0.0848573599 -0.0008072988
-0.0074289290 -0.0474265959
-0.0738143692 0.0257848099
0.0582225519 0.0293441916
0.0347286322 -0.0431683179
-0.0853370846 0.0029878719
0.0110360874 0.0469064353
0.0715185798 -0.0272394456
-0.0615788047 -0.0270878996
-0.0314921986 0.0441138330
0.0856370669 -0.0051667800
-0.0147552520 -0.0462666099
-0.0690662205 0.0286945738
0.0648141203 0.0247398083
0.0282408863 -0.0449988521
-0.0857547414 0.0072873701
0.0184982571 0.0455188724
0.0665252672 -0.0301212935
-0.0678333400 -0.0223662113
-0.0250513301 0.0457964557
0.0856894709 -0.0093056134
-0.0221778106 -0.0446826137
-0.0639719225 0.0314878137
0.0705674887 0.0200293395
0.0219794515 -0.0464869742
-0.0854584186 0.0111841801
0.0257258098 0.0437745532
0.0614584201 -0.0327749523
-0.0729921548 -0.0177832712
-0.0190517597 0.0470592525
0.0850695893 -0.0129174188
-0.0291087209 -0.0428126359
-0.0590084689 0.0339760046
0.0751058447 0.0156422137
0.0162685157 -0.0475163515
-0.0845447106 0.0145051990
0.0323242046 0.0417971522
0.0566260014 -0.0350922969
-0.0769411591 -0.0136088383
-0.0136011758 0.0478648701
0.0838878021 -0.0159713595
-0.0354046246 -0.0407314545
-0.0542868864 0.0361367309
0.0785329935 0.0116556262
0.0110016283 -0.0481120636
-0.0830918606 0.0173496074
0.0383961506 0.0395944638
0.0519509991 -0.0371278979
-0.0799283286 -0.0097560901
-0.0084100735 0.0482633039
0.0821498245 -0.0186692923
-0.0413601472 -0.0383680610
-0.0495693482 0.0380867621
0.0811515342 0.0078598627
0.0057622531 -0.0483230582
-0.0810401045 0.0199641305
0.0443567082 0.0370246602
0.0470898696 -0.0390337267
-0.0822371329 -0.0059409869
-0.0029948350 0.0482895994
0.0797343999 -0.0212649788
-0.0474324870 -0.0355279123
-0.0444714017 0.0399843516
0.0831908048 0.0039626830
0.0000535421 -0.0481553563
-0.0782018449 0.0225976041
0.0506218870 0.0338590291
0.0416847431 -0.0409480894
-0.0840145075 -0.0019108595
-0.1005501143 0.0171801519
0.0192687298 0.0536459902
0.0814751754 -0.0341021365
-0.0668091337 -0.0322013474
-0.0445146452 0.0495369843
0.0976342296 0.0002695643
0.0089653338 -0.0574835282
-0.0979142045 0.0222389439
0.0314766882 0.0497583564
0.0721297062 -0.0382840511
-0.0784336977 -0.0234306837
-0.0346256618 0.0530606136
0.1005247713 -0.0069566692
-0.0007972639 -0.0571457192
-0.0935492650 0.0268326663
0.0443270961 0.0445727945
0.0621372485 -0.0424671346
-0.0875642228 -0.0145802511
-0.0252498406 0.0556040531
0.1012911774 -0.0131387759
-0.0110562036 -0.0556229621
-0.0873318580 0.0310624794
0.0573678867 0.0379966050
0.0519926630 -0.0465969522
-0.0941665070 -0.0061319461
-0.0159638798 0.0570629537
0.1000266993 -0.0185665377
-0.0224030895 -0.0527452747
-0.0791179475 0.0352059948
0.0700816966 0.0299391064
0.0418440322 -0.0505445187
-0.0986074559 0.0017461626
-0.0064020269 0.0574994845
0.0969246383 -0.0235019665
-0.0348487034 -0.0485063730
-0.0695070009 0.0393972019
0.0811202806 0.0210576604
0.0320976869 -0.0538420853
-0.1009357496 0.0086902785
0.0034463556 0.0568650076
0.0920911161 -0.0279807044
-0.0477760863 -0.0429725629
-0.0594580903 0.0435683204
0.0895411436 0.0122931909
0.0228019450 -0.0560935102
-0.1011462861 0.0146363977
0.0139407390 0.0549968417
0.0853407675 -0.0321593264
-0.0608129031 -0.0359925560
-0.0492887033 0.0476750917
0.0955468149 0.0039741402
0.0134570428 -0.0572770208
-0.0993750617 0.0199194770
0.0256199719 0.0517497041
0.0766600252 -0.0363143418
-0.0732358486 -0.0276201755
-0.0392044598 0.0515058365
0.0994317586 -0.0036941985
0.0038215536 -0.0574411565
-0.0958141261 0.0247328218
0.0382516518 0.0471661605
0.0668594154 -0.0405081441
-0.0836132068 -0.0186961806
-0.0296048771 0.0545469148
0.1011930845 -0.0103543342
-0.0061390221 -0.0564982567
-0.0904979910 0.0291064096
0.0512354699 0.0412714620
0.0567709056 -0.0446657738
-0.0913537020 -0.0100434181
-0.0203481927 0.0565075534
0.1008626552 -0.0160878722
-0.0169140510 -0.0542708261
-0.0832082769 0.0332557912
0.0642240077 0.0338888280
0.0465885788 -0.0487364581
-0.0967845342 -0.0018645420
-0.0109280023 0.0574206724
0.0985994670 -0.0212398325
-0.0289066303 -0.0506612798
0.3306694682 -0.1657601106
-0.2099889405 -0.4452296480
0.4885911967 -0.0857577448
0.1779271460 0.3216275808
-0.0736400833 0.2453225047
0.1168626165 0.1076706419
0.2788866906 -0.1124045577
0.2971470664 -0.3553075563
0.3033706599 0.2634774673
-0.0749685286 0.2899665874
-0.0139370151 0.1603148111
0.2575952346 -0.0304668580
0.3434379555 -0.2731118713
0.3200904454 0.2481508454
-0.0643617541 0.2903559631
0.0070715465 0.1560770820
0.2654572916 -0.0473887178
0.3368793025 -0.2953641287
0.2873238611 0.2657191512
-0.0582960460 0.2720589042
0.0783435985 0.1310626605
0.2761970582 -0.0920517875
0.3121243550 -0.3368757908
0.2917923101 0.2672777662
-0.0688670595 0.2802168767
0.0310696670 0.1460466198
0.2651661274 -0.0645982011
0.3328146802 -0.2911765595
0.3568171556 0.2271997429
-0.0613103615 0.3146658587
-0.0732996218 0.1852195656
0.1989843844 0.0430847149
0.3213211231 -0.1739158310
-0.1537479095 -0.4643086181
0.2832093810 0.2890897346
-0.1017559557 0.3050409314
-0.1236469771 0.1931977930
0.0748768499 0.1014471904
0.2103022877 -0.0820431490
0.2107930572 -0.1563637291
0.2025166714 -0.1738717424
0.1822469321 -0.1707209270
0.1048093926 -0.1453105920
-0.1456838795 -0.0532468112
-0.2188350150 0.1146223686
-0.2270205586 0.1728362934
-0.2612361756 0.2119807024
-0.2593151496 0.3786768299
-0.4860523457 0.1162724963
-0.2341288922 -0.3164366911
0.1171713112 -0.2928779371
0.1239784045 -0.1882297602
-0.0791320888 -0.0983357733
-0.2077589425 0.0835109718
-0.2008730539 0.1528780206
-0.1650659587 0.1588756389
-0.0335823250 0.1228931767
0.2048204616 -0.0228654723
0.2498346435 -0.1556183240
0.3046966330 -0.2611722786
-0.2390845696 -0.4181405846
-0.4795061217 -0.1240550133
-0.3679953775 -0.2645558429
-0.0083082557 -0.3671904555
0.1811087072 -0.2612835764
0.2230766298 -0.2178181079
0.2753188724 -0.2454685073
0.0331945498 -0.4772748932
0.4976725091 0.0045035811
0.2760223444 0.3090310903
-0.1142548035 0.3331861522
-0.2237551086 0.2542212794
-0.2822779336 0.3095370159
0.2535022920 0.4027600864
0.3413505365 0.3010090297
0.0339192114 0.3751139426
-0.1900514461 0.2824259641
-0.2662541806 0.2726824816
0.0152913285 0.4755752838
0.4348806448 0.2215435285
0.3104147475 -0.0351337570
0.2370940861 -0.4326202657
0.4090982254 0.1397763698
0.0030458593 0.2966099709
0.0867631946 0.1455873433
0.3091112493 -0.0979173178
0.1108325664 -0.4780139924
0.4815630840 -0.0107134009
0.1056315697 0.3211745197
-0.0002490307 0.2000638710
0.2855543284 -0.0088959114
0.3204731919 -0.3599110951
0.4414273968 0.0780714122
0.0401991649 0.2993356109
0.1020854310 0.1491534404
0.3291585943 -0.1066014777
-0.0705836294 -0.4898775362
0.4512300933 0.0956826045
0.0340397797 0.3256749908
-0.0109709439 0.1872896287
0.2755755235 -0.0144419042
0.3327132800 -0.3352219779
0.4705693129 -0.0087661226
0.0908584696 0.3045322889
0.0804997826 0.1692763201
0.3324436262 -0.0857409761
-0.0102013167 -0.4967129734
0.4094032332 0.1533754046
-0.0118406576 0.3097777089
0.0194933206 0.1659671559
0.2843226505 -0.0520185937
0.3003528407 -0.3691806953
0.4793626015 -0.0668015146
0.1250024270 0.3085708125
0.0404751818 0.1908372069
0.3169454151 -0.0458374005
0.1946504331 -0.4551844567
0.4045941112 0.1485833833
-0.0034579520 0.2977914000
0.0755283097 0.1481443706
0.3023925526 -0.0908861113
0.1774641296 -0.4547776521
0.4826288394 -0.0344736658
0.1156281550 0.3177679926
0.0077449737 0.1996521745
0.2926800940 -0.0151162544
0.3030726917 -0.3800519841
0.4309296156 0.1003419342
0.0269886012 0.2982245759
0.0997534551 0.1467359947
0.3236574142 -0.1057083893
-0.0294274354 -0.4929568224
0.4658595156 0.0613942542
0.0611604857 0.3263700216
-0.0087696291 0.1928047723
0.2782161110 -0.0106586029
0.3303325695 -0.3422430104
0.4616942998 0.0262943461
0.0701517488 0.3033746676
0.0904096966 0.1608316409
0.3322148145 -0.0957759808
-0.0522326478 -0.4934677863
0.4253260707 0.1354271911
0.0003932045 0.3176833429
0.0003857707 0.1754782064
0.2795332833 -0.0330478508
0.3190630283 -0.3496714706
0.4768296675 -0.0429499089
0.1108475602 0.3068746916
0.0593114917 0.1812393251
0.3258252858 -0.0655779800
0.0988922990 -0.4865855662
0.4043128449 0.1543247937
-0.0101525172 0.3028789920
0.0484954858 0.1562880978
0.2921530365 -0.0734779580
0.2589772833 -0.4063007783
0.4813392794 -0.0632718670
0.1259325161 0.3122333375
0.0234901202 0.1967236960
0.0113277016 0.0998290336
0.1725839979 -0.0472398993
0.1114448883 -0.1137160144
-0.1204806685 -0.0517114883
-0.1607526626 0.0934101647
-0.0249856470 0.1018804891
0.1755655539 -0.0269995386
0.1500115268 -0.1193498671
-0.0225569107 -0.0949038488
-0.1642097723 0.0515789875
-0.0780023116 0.1051144211
0.1609009842 0.0152939323
0.1794487345 -0.1150806985
0.0812227651 -0.1240381065
-0.1742450951 -0.0204698060
-0.2265180212 0.1305577524
-0.2507039843 0.1903731662
-0.3002192529 0.2980986564
0.3245660705 0.3612371930
0.4043177339 0.2303147745
0.0719817697 0.3617699649
-0.1499610499 0.2576729758
-0.1249794487 0.1760371903
0.0866339551 0.0915132892
0.2007702577 -0.0856399781
0.1742670429 -0.1439164744
0.0616748348 -0.1264229369
-0.1946934396 -0.0013057888
-0.2528018029 0.1488165810
-0.3083080193 0.2665110880
0.2763649842 0.3973552217
0.4559839957 0.1608454264
0.1969255704 0.3396284108
-0.1395580058 0.2992689658
-0.1957357018 0.2179516905
-0.2023891608 0.1919578346
-0.1962658761 0.1814445041
-0.1653918712 0.1667365314
-0.0394352394 0.1266375804
0.2074259494 -0.0181316980
0.2633207963 -0.1609093540
0.3044832164 -0.3167296157
0.2745741800 0.3001814957
-0.1115151267 0.3138194194
-0.1713411734 0.2134749372
-0.1125159431 0.1591445539
0.1276786327 0.0684936053
0.2138371500 -0.1055096562
0.2119556207 -0.1635095875
0.2096737039 -0.1790175189
0.2108282135 -0.1840707396
0.2182414602 -0.1891275967
0.2448972901 -0.2059396169
0.2961319291 -0.2974623362
-0.2948971466 -0.3813636021
-0.4399385614 -0.2013388811
-0.2434766375 -0.3307273792
0.1294412550 -0.3357442710
0.2455028972 -0.2827006058
0.1053354102 -0.4602549796
-0.4462455335 -0.2091863299
-0.4381099758 -0.1951601898
-0.1813440576 -0.3457212951
0.1444204754 -0.2967192233
0.2010562657 -0.2195859426
0.2209423520 -0.2017505575
0.2606832254 -0.2225026713
0.2397951278 -0.3965314086
0.4810387389 -0.1363738787
0.2384791600 0.3155163415
-0.1181987889 0.2964181059
-0.1367681386 0.1935448049
0.0340597362 0.1141413766
0.2078992275 -0.0630500767
0.2168635326 -0.1533528279
0.2225018885 -0.1820312650
0.2529459541 -0.2090347497
0.2873429622 -0.3350604246
-0.4117685226 -0.2730761125
0.2970249857 0.2983493731
-0.3306694682 0.1657601106
0.2099889405 0.4452296480
-0.4885911967 0.0857577448
-0.1779271460 -0.3216275808
0.0736400833 -0.2453225047
-0.1168626165 -0.1076706419
-0.2788866906 0.1124045577
-0.2971470664 0.3553075563
-0.3033706599 -0.2634774673
0.0749685286 -0.2899665874
0.0139370151 -0.1603148111
-0.2575952346 0.0304668580
-0.3434379555 0.2731118713
-0.3200904454 -0.2481508454
0.0643617541 -0.2903559631
-0.0070715465 -0.1560770820
-0.2654572916 0.0473887178
-0.3368793025 0.2953641287
-0.2873238611 -0.2657191512
0.0582960460 -0.2720589042
-0.0783435985 -0.1310626605
-0.2761970582 0.0920517875
-0.3121243550 0.3368757908
-0.2917923101 -0.2672777662
0.0688670595 -0.2802168767
-0.0310696670 -0.1460466198
-0.2651661274 0.0645982011
-0.3328146802 0.2911765595
-0.3568171556 -0.2271997429
0.0613103615 -0.3146658587
0.0732996218 -0.1852195656
-0.1989843844 -0.0430847149
-0.3213211231 0.1739158310
0.1537479095 0.4643086181
-0.2832093810 -0.2890897346
0.1017559557 -0.3050409314
0.1236469771 -0.1931977930
-0.0748768499 -0.1014471904
-0.2103022877 0.0820431490
-0.2107930572 0.1563637291
-0.2025166714 0.1738717424
-0.1822469321 0.1707209270
-0.1048093926 0.1453105920
0.1456838795 0.0532468112
0.2188350150 -0.1146223686
0.2270205586 -0.1728362934
0.2612361756 -0.2119807024
0.2593151496 -0.3786768299
0.4860523457 -0.1162724963
0.2341288922 0.3164366911
-0.1171713112 0.2928779371
-0.1239784045 0.1882297602
0.0791320888 0.0983357733
0.2077589425 -0.0835109718
0.2008730539 -0.1528780206
0.1650659587 -0.1588756389
0.0335823250 -0.1228931767
-0.2048204616 0.0228654723
-0.2498346435 0.1556183240
-0.3046966330 0.2611722786
0.2390845696 0.4181405846
0.4795061217 0.1240550133
0.3679953775 0.2645558429
0.0083082557 0.3671904555
-0.1811087072 0.2612835764
-0.2230766298 0.2178181079
-0.2753188724 0.2454685073
-0.0331945498 0.4772748932
-0.4976725091 -0.0045035811
-0.2760223444 -0.3090310903
0.1142548035 -0.3331861522
0.2237551086 -0.2542212794
0.2822779336 -0.3095370159
-0.2535022920 -0.4027600864
-0.3413505365 -0.3010090297
-0.0339192114 -0.3751139426
0.1900514461 -0.2824259641
0.2662541806 -0.2726824816
-0.0152913285 -0.4755752838
-0.4348806448 -0.2215435285
-0.3104147475 0.0351337570
-0.2370940861 0.4326202657
-0.4090982254 -0.1397763698
-0.0030458593 -0.2966099709
-0.0867631946 -0.1455873433
-0.3091112493 0.0979173178
-0.1108325664 0.4780139924
-0.4815630840 0.0107134009
-0.1056315697 -0.3211745197
0.0002490307 -0.2000638710
-0.2855543284 0.0088959114
-0.3204731919 0.3599110951
-0.4414273968 -0.0780714122
-0.0401991649 -0.2993356109
-0.1020854310 -0.1491534404
-0.3291585943 0.1066014777
0.0705836294 0.4898775362
-0.4512300933 -0.0956826045
-0.0340397797 -0.3256749908
0.0109709439 -0.1872896287
-0.2755755235 0.0144419042
-0.3327132800 0.3352219779
-0.4705693129 0.0087661226
-0.0908584696 -0.3045322889
-0.0804997826 -0.1692763201
-0.3324436262 0.0857409761
0.0102013167 0.4967129734
-0.4094032332 -0.1533754046
0.0118406576 -0.3097777089
-0.0194933206 -0.1659671559
-0.2843226505 0.0520185937
-0.3003528407 0.3691806953
-0.4793626015 0.0668015146
-0.1250024270 -0.3085708125
-0.0404751818 -0.1908372069
-0.3169454151 0.0458374005
-0.1946504331 0.4551844567
-0.4045941112 -0.1485833833
0.0034579520 -0.2977914000
-0.0755283097 -0.1481443706
-0.3023925526 0.0908861113
-0.1774641296 0.4547776521
-0.4826288394 0.0344736658
-0.1156281550 -0.3177679926
-0.0077449737 -0.1996521745
-0.2926800940 0.0151162544
-0.3030726917 0.3800519841
-0.4309296156 -0.1003419342
-0.0269886012 -0.2982245759
-0.0997534551 -0.1467359947
-0.3236574142 0.1057083893
0.0294274354 0.4929568224
-0.4658595156 -0.0613942542
-0.0611604857 -0.3263700216
0.0087696291 -0.1928047723
-0.2782161110 0.0106586029
-0.3303325695 0.3422430104
-0.4616942998 -0.0262943461
-0.0701517488 -0.3033746676
-0.0904096966 -0.1608316409
-0.3322148145 0.0957759808
0.0522326478 0.4934677863
-0.4253260707 -0.1354271911
-0.0003932045 -0.3176833429
-0.0003857707 -0.1754782064
-0.2795332833 0.0330478508
-0.3190630283 0.3496714706
-0.4768296675 0.0429499089
-0.1108475602 -0.3068746916
-0.0593114917 -0.1812393251
-0.3258252858 0.0655779800
-0.0988922990 0.4865855662
-0.4043128449 -0.1543247937
0.0101525172 -0.3028789920
-0.0484954858 -0.1562880978
-0.2921530365 0.0734779580
-0.2589772833 0.4063007783
-0.4813392794 0.0632718670
-0.1259325161 -0.3122333375
-0.0234901202 -0.1967236960
-0.0113277016 -0.0998290336
-0.1725839979 0.0472398993
-0.1114448883 0.1137160144
0.1204806685 0.0517114883
0.1607526626 -0.0934101647
0.0249856470 -0.1018804891
-0.1755655539 0.0269995386
-0.1500115268 0.1193498671
0.0225569107 0.0949038488
0.1642097723 -0.0515789875
0.0780023116 -0.1051144211
-0.1609009842 -0.0152939323
-0.1794487345 0.1150806985
-0.0812227651 0.1240381065
0.1742450951 0.0204698060
0.2265180212 -0.1305577524
0.2507039843 -0.1903731662
0.3002192529 -0.2980986564
-0.3245660705 -0.3612371930
-0.4043177339 -0.2303147745
-0.0719817696 -0.3617699649
0.1499610499 -0.2576729758
0.1249794487 -0.1760371903
-0.0866339550 -0.0915132893
-0.2007702577 0.0856399781
-0.1742670428 0.1439164744
-0.0616748345 0.1264229368
0.1946934398 0.0013057884
0.2528018028 -0.1488165811
0.3083080192 -0.2665110879
-0.2763649835 -0.3973552221
-0.4559839936 -0.1608454303
-0.1969255649 -0.3396284123
0.1395580063 -0.2992689631
0.1957356964 -0.2179516866
0.2023891385 -0.1919578232
0.1962657891 -0.1814444641
0.1653915218 -0.1667363997
0.0394338826 -0.1266371808
-0.2074260282 0.0181328189
-0.2633196600 0.1609091358
-0.3044846088 0.3167245131
-0.2746196497 -0.3001626291
0.1115036099 -0.3138460051
0.1713921925 -0.2135084890
0.1127474873 -0.1592197814
-0.1271013072 -0.0687895676
-0.2133671877 0.1051703767
-0.2104055826 0.1627664260
-0.2039208543 0.1762889644
-0.1889660502 0.1739834992
-0.1324538816 0.1541529848
0.0759583813 0.0878284791
0.1796687121 -0.0777912809
0.1029477157 -0.1199980102
-0.1400499874 -0.0433547416
-0.1842758281 0.1058791040
-0.1022366593 0.1274444627
0.1452453036 0.0442704881
0.1985519256 -0.1107151164
0.1543146937 -0.1441471553
-0.0094637042 -0.1065204466
-0.1852998105 0.0479775444
-0.1540747474 0.1268476711
0.0108800771 0.1009350346
0.1746935143 -0.0473074810
0.1184826812 -0.1158265491
-0.1069016162 -0.0599443034
-0.1551878530 0.0867629867
-0.0117530839 0.0957490754
0.1650184604 -0.0336268457
0.1058168038 -0.1078874959
-0.1270294974 -0.0446767056
-0.1580149890 0.0958022165
-0.0143171789 0.0993421206
0.1713081651 -0.0330037465
0.1270994840 -0.1141224866
-0.0857715574 -0.0691984896
-0.1463677534 0.0765234075
0.0059502116 0.0865222881
0.1757940242 0.1700416698
0.3937800026 -0.0837610655
0.4262594352 0.0353376839
0.1405032656 0.2462962240
0.2722783724 0.0865552830
0.4264147946 -0.1550455891
0.3223005786 0.1787656800
0.1328056930 0.2081223639
0.3593351278 -0.0191309733
0.4477289212 -0.0689309902
0.1965731636 0.2433230287
0.2149440139 0.1381982061
0.4101723114 -0.1218287235
0.3897594590 0.1037664012
0.1242265493 0.2347979685
0.3121587424 0.0451113225
0.4381412986 -0.1413220536
0.2684120438 0.2154744965
0.1611709189 0.1817745691
0.3854641558 -0.0665544825
0.4365158062 0.0051206272
0.1530326182 0.2481404193
0.2557569699 0.1021241723
0.4220827044 -0.1500543665
0.3430271396 0.1599090972
0.1266391836 0.2169227332
0.3470375815 -0.0000434315
0.4470468344 -0.0942462749
0.2163512640 0.2377815037
0.1991706465 0.1512872934
0.4043320805 -0.1075418128
0.4057444337 0.0781225179
0.1282378715 0.2402983296
0.2967909687 0.0619590927
0.4333781505 -0.1514669853
0.2898336632 0.2027883966
0.1480197241 0.1928981224
0.3759708094 -0.0481863479
0.4434960854 -0.0253908746
0.1687284951 0.2478791954
0.2393289679 0.1170293498
0.4176643972 -0.1407640607
0.3626507217 0.1389878916
0.1235466821 0.2247313192
0.3338318595 0.0184493574
0.4444038131 -0.1161065680
0.2367011314 0.2303976014
0.1836454064 0.1638057762
0.3976281467 -0.0921428106
0.4198642390 0.0503719382
0.1354368784 0.2446443541
0.2807310166 0.0783202975
0.4287069381 -0.1554487981
0.3113355432 0.1875740308
0.1372197929 0.2031920797
0.3652835429 -0.0290661746
0.4470765636 -0.0547259236
0.1867171980 0.2453992008
0.2231612987 0.1311900668
0.4128681409 -0.1287222561
0.3809188520 0.1162181877
0.1232867814 0.2316010280
0.3197597506 0.0362266498
0.4404793790 -0.1339457665
0.2575176887 0.2210992494
0.1685807466 0.1758094108
0.3898903107 -0.0755752903
0.4316071656 0.0208030891
0.1461457048 0.2474398384
0.2642763102 0.0941831875
0.4242938616 -0.1532722603
0.3324593621 0.1698939427
0.1294206485 0.2125196742
0.3534948592 -0.0098186040
0.4476777246 -0.0816156519
0.2060729820 0.2408670322
0.2072711135 0.1446283660
0.4074308981 -0.1150498229
0.3977190701 0.0915937004
0.1258001499 0.2375945430
-0.0585755212 0.1993163994
0.2155604033 0.0413442069
0.3469893161 -0.2016342496
0.4333216839 0.1429264305
0.0114445393 0.3346088943
-0.0609520381 0.1992719300
0.2117204079 0.0436513148
0.3436245122 -0.1957402037
-0.3874013188 -0.3144636222
0.4590015249 0.0990680844
0.0568557837 0.3366925201
-0.0535239181 0.2073503689
0.2172704787 0.0453221156
0.3526219279 -0.2066055024
0.3822931194 0.1992530690
-0.0425299620 0.3174945633
-0.0523489545 0.1827320922
0.2313426852 0.0192093257
0.3494784008 -0.2233123815
0.3923737866 0.1920614749
-0.0358254575 0.3241106679
-0.0679486756 0.1900539166
0.2057800215 0.0417390078
0.3321306595 -0.1844008885
-0.2559253323 -0.4207244689
0.2094692609 0.3158623151
-0.0921861881 0.2641880336
0.0244339732 0.1407334878
0.2528126643 -0.0608825340
0.3301418189 -0.2495505384
-0.3995442476 -0.2960115715
0.2231376680 0.3156875283
-0.1064321015 0.2784449360
-0.0535438785 0.1644409565
0.2276881465 0.0071091023
0.3356472804 -0.2092705320
-0.3341880247 -0.3653193287
0.4911949404 -0.0708515638
0.1867121875 0.3229431171
-0.0885068927 0.2550824456
0.0580446291 0.1286963996
0.2530494049 -0.0795117381
0.3236629199 -0.2480907766
-0.3333772232 -0.3613034350
0.3852054683 0.2304955799
-0.0179146898 0.3545661865
-0.1602760486 0.2368839341
-0.1145075358 0.1665161260
0.1203600932 0.0747401868
0.2140336265 -0.1023227897
0.2137259778 -0.1633485672
0.2156672610 -0.1817058827
0.2322021171 -0.1957615991
0.2826380507 -0.2440345844
-0.0278400380 -0.4783991785
-0.3340447474 -0.2816502190
0.0598000070 -0.3592411763
0.2123366010 -0.2669466963
0.2786633992 -0.3001504006
-0.2017910094 -0.4282924834
-0.3237992465 -0.3153998728
-0.0197585703 -0.3784324966
0.2002655544 -0.2917930794
0.2688501483 -0.3254051550
-0.2369409151 -0.4080391341
-0.2815994338 -0.3351040167
0.0522870106 -0.3801389185
0.2256653162 -0.3284814750
-0.0184326879 -0.4677414049
-0.2998542736 -0.3411351305
-0.0467080113 -0.3823271232
0.1970330287 -0.3061727816
0.2511368594 -0.3589819103
-0.2890756396 -0.3748253742
-0.2744348715 -0.3342998102
0.0746051488 -0.3751847428
0.2303227479 -0.3335559117
-0.0724184611 -0.4607758994
-0.2581492935 -0.3573531336
0.0305821387 -0.3892431306
-0.2845901759 0.3022690610
0.2418067077 0.4098825579
0.3482036529 0.2970873019
0.0504384142 0.3736800379
-0.1832132014 0.2811114215
-0.2553353793 0.2544537199
-0.1683515132 0.4398520941
-0.4330983469 -0.1836549591
-0.0857966999 -0.3544529137
0.1275672105 -0.2474004275
0.0317397965 -0.1483211964
-0.2351543098 0.0204275977
-0.3269925085 0.2139732434
0.2767542145 0.4048506409
-0.3381511469 -0.2637632724
0.0760467463 -0.3399400023
0.1832083666 -0.2333389980
0.1838770123 -0.1887507643
0.1267511072 -0.1564324286
-0.0914818013 -0.0827668787
-0.1863910870 0.0853890577
-0.1215090865 0.1274500714
0.1047237183 0.0660191223
0.1660873792 -0.0876216001
0.0472169476 -0.1067725220
-0.1797223566 0.0119184789
-0.1870424089 0.1268113187
-0.1080601215 0.1346414718
0.1367558989 0.0529783040
0.1981014120 -0.1067628784
0.1538749121 -0.1429542888
-0.0111730899 -0.1056532640
-0.1838930266 0.0486858680
-0.1483451673 0.1252636338
0.0291864765 0.0945895174
0.1650129840 -0.0548675164
0.0764847345 -0.1056652815
-0.1627655789 -0.0138252149
-0.1818706291 0.1164331306
-0.0899505378 0.1268221103
0.1647600205 0.0304505588
0.2195352131 -0.1241058172
0.2281361492 -0.1761596674
0.2655882915 -0.2168028335
0.2266467065 -0.4087399606
0.4835531630 0.0579194614
0.1551364079 0.3362931909
-0.1024077673 0.2532300868
0.0266752660 0.1359995046
0.2459949523 -0.0621649871
0.3207449653 -0.2293631961
-0.2661444216 -0.4087960026
0.4543753323 0.1443651193
0.1142270748 0.3483108349
-0.1162138440 0.2490589111
-0.0018042649 0.1415571786
0.2417594499 -0.0442588127
0.3229941605 -0.2221512591
-0.2658235389 -0.4100301805
0.4110534508 0.2037704338
0.0216366425 0.3550029265
-0.1357519633 0.2340299318
-0.0281493050 0.1431590956
0.2318188365 -0.0247456607
0.3176485327 -0.2045380278
-0.1904877308 -0.4478310866
0.4214016444 0.1902146726
0.0367587385 0.3538273727
-0.1259452237 0.2329810746
0.0047952393 0.1345320753
0.2338096228 -0.0489195964
0.3042558928 -0.2016790629
-0.0753839389 -0.4784136853
0.4474348039 0.1514920017
0.0845365907 0.3496837075
-0.1098997086 0.2376141736
0.0424323870 0.1262772463
0.2370071953 -0.0701703023
0.2987958535 -0.2054489346
-0.0360592291 -0.4820844194
-0.4167623481 0.2475507362
-0.2768456405 -0.2307430650
-0.0817769946 -0.2135088994
-0.3391775259 0.0222290668
-0.4206369044 0.2409624572
-0.2688661698 -0.2351150469
-0.0862129441 -0.2098252874
-0.3439450482 0.0299713523
-0.4251138748 0.2325685080
-0.2601123052 -0.2396061605
-0.0914470651 -0.2056893711
-0.3488815364 0.0384579417
-0.4301664027 0.2222123339
-0.2505926272 -0.2441028118
-0.0974513121 -0.2011160957
-0.3538454380 0.0475645843
-0.4354885690 0.2100761776
-0.2405123012 -0.2485074631
-0.1040656479 -0.1962016088
-0.3586422460 0.0570081912
-0.4407246055 0.1966082181
-0.2301975065 -0.2526512470
-0.1110116509 -0.1911134895
-0.3630603748 0.0664234270
-0.4455381146 0.1824493417
-0.2200354091 -0.2563881628
-0.1179663930 -0.1860489160
-0.3669951957 0.0754174534
-0.4496930425 0.1682569052
-0.2103640624 -0.2596356873
-0.1246602591 -0.1811780820
-0.3704110995 0.0837296447
-0.4531019060 0.1545148520
-0.2013758692 -0.2623555107
-0.1309430490 -0.1766019897
-0.3733513630 0.0912588672
-0.4557651603 0.1414754726
-0.1931213406 -0.2646092354
-0.1367900847 -0.1723290873
-0.3758658682 0.0980786637
-0.4578011140 0.1290873373
-0.1855106297 -0.2664759647
-0.1422801992 -0.1683008959
-0.3780976982 0.1043061377
-0.4593073108 0.1171345124
-0.1783539158 -0.2680159574
-0.1475675389 -0.1644337684
-0.3801565737 0.1101388988
-0.4603758069 0.1052614597
-0.1714261479 -0.2693114331
-0.1528254200 -0.1605862414
-0.3820898540 0.1158312520
-0.4609740913 0.0931401906
-0.1644852772 -0.2704163810
-0.1582344578 -0.1566071648
-0.3840278414 0.1215677280
-0.4611372603 0.0803082573
-0.1572963616 -0.2713327018
-0.1639751742 -0.1523804200
-0.3859984871 0.1275706942
-0.4607294999 0.0664845136
-0.1496909887 -0.2720822132
-0.1701591323 -0.1477543393
-0.3880317557 0.1340020625
-0.4596430404 0.0514310511
-0.1415775345 -0.2726183447
-0.1768525233 -0.1426760931
-0.3901361992 0.1409497016
-0.4576890009 0.0351998391
-0.1329999020 -0.2728718983
-0.1840041357 -0.1371356891
-0.3922186688 0.1484423125
-0.4547472492 0.0180888955
-0.1241740590 -0.2728005738
-0.1914422075 -0.1312078603
-0.3942454279 0.1563327681
-0.4508191244 0.0006489259
-0.1154471062 -0.2723649868
-0.1989309035 -0.1251019534
-0.3960494498 0.1644358075
-0.1757940242 -0.1700416698
-0.3937800026 0.0837610655
-0.4262594352 -0.0353376839
-0.1405032656 -0.2462962240
-0.2722783724 -0.0865552830
-0.4264147946 0.1550455891
-0.3223005786 -0.1787656800
-0.1328056930 -0.2081223639
-0.3593351278 0.0191309733
-0.4477289212 0.0689309902
-0.1965731636 -0.2433230287
-0.2149440139 -0.1381982061
-0.4101723114 0.1218287235
-0.3897594590 -0.1037664012
-0.1242265493 -0.2347979685
-0.3121587424 -0.0451113225
-0.4381412986 0.1413220536
-0.2684120438 -0.2154744965
-0.1611709189 -0.1817745691
-0.3854641558 0.0665544825
-0.4365158062 -0.0051206272
-0.1530326182 -0.2481404193
-0.2557569699 -0.1021241723
-0.4220827044 0.1500543665
-0.3430271396 -0.1599090972
-0.1266391836 -0.2169227332
-0.3470375815 0.0000434315
-0.4470468344 0.0942462749
-0.2163512640 -0.2377815037
-0.1991706465 -0.1512872934
-0.4043320805 0.1075418128
-0.4057444337 -0.0781225179
-0.1282378716 -0.2402983296
-0.2967909687 -0.0619590927
-0.4333781505 0.1514669853
-0.2898336632 -0.2027883966
-0.1480197241 -0.1928981224
-0.3759708094 0.0481863479
-0.4434960854 0.0253908746
-0.1687284951 -0.2478791954
-0.2393289679 -0.1170293498
-0.4176643972 0.1407640607
-0.3626507217 -0.1389878916
-0.1235466821 -0.2247313192
-0.3338318595 -0.0184493574
-0.4444038131 0.1161065680
-0.2367011314 -0.2303976014
-0.1836454064 -0.1638057762
-0.3976281467 0.0921428106
-0.4198642390 -0.0503719382
-0.1354368784 -0.2446443541
-0.2807310166 -0.0783202975
-0.4287069381 0.1554487981
-0.3113355432 -0.1875740308
-0.1372197929 -0.2031920797
-0.3652835429 0.0290661746
-0.4470765636 0.0547259236
-0.1867171980 -0.2453992008
-0.2231612987 -0.1311900668
-0.4128681409 0.1287222561
-0.3809188520 -0.1162181877
-0.1232867814 -0.2316010280
-0.3197597506 -0.0362266498
-0.4404793790 0.1339457665
-0.2575176887 -0.2210992494
-0.1685807466 -0.1758094108
-0.3898903107 0.0755752903
-0.4316071656 -0.0208030891
-0.1461457048 -0.2474398384
-0.2642763102 -0.0941831875
-0.4242938616 0.1532722603
-0.3324593621 -0.1698939427
-0.1294206485 -0.2125196742
-0.3534948592 0.0098186040
-0.4476777246 0.0816156519
-0.2060729820 -0.2408670322
-0.2072711135 -0.1446283660
-0.4074308981 0.1150498229
-0.3977190701 -0.0915937004
-0.1258001499 -0.2375945430
0.0585755212 -0.1993163994
-0.2155604033 -0.0413442069
-0.3469893161 0.2016342496
-0.4333216839 -0.1429264305
-0.0114445393 -0.3346088943
0.0609520381 -0.1992719300
-0.2117204079 -0.0436513148
-0.3436245122 0.1957402037
0.3874013188 0.3144636222
-0.4590015249 -0.0990680844
-0.0568557837 -0.3366925201
0.0535239181 -0.2073503689
-0.2172704787 -0.0453221156
-0.3526219279 0.2066055024
-0.3822931194 -0.1992530690
0.0425299620 -0.3174945633
0.0523489545 -0.1827320922
-0.2313426852 -0.0192093257
-0.3494784008 0.2233123815
-0.3923737866 -0.1920614749
0.0358254575 -0.3241106679
0.0679486756 -0.1900539166
-0.2057800215 -0.0417390078
-0.3321306595 0.1844008885
0.2559253323 0.4207244689
-0.2094692609 -0.3158623151
0.0921861881 -0.2641880336
-0.0244339732 -0.1407334878
-0.2528126643 0.0608825340
-0.3301418189 0.2495505384
0.3995442476 0.2960115715
-0.2231376680 -0.3156875283
0.1064321015 -0.2784449360
0.0535438785 -0.1644409565
-0.2276881465 -0.0071091023
-0.3356472804 0.2092705320
0.3341880247 0.3653193287
-0.4911949404 0.0708515638
-0.1867121875 -0.3229431171
0.0885068927 -0.2550824455
-0.0580446292 -0.1286963996
-0.2530494049 0.0795117381
-0.3236629199 0.2480907766
0.3333772233 0.3613034349
-0.3852054683 -0.2304955799
0.0179146899 -0.3545661865
0.1602760486 -0.2368839341
0.1145075359 -0.1665161260
-0.1203600931 -0.0747401868
-0.2140336265 0.1023227896
-0.2137259775 0.1633485670
-0.2156672600 0.1817058822
-0.2322021136 0.1957615970
-0.2826380433 0.2440345726
0.0278399247 0.4783991853
0.3340476373 0.2816484221
-0.0597964958 0.3592418085
-0.2123346380 0.2669458215
-0.2786632082 0.3001421413
0.2017633770 0.4283053187
0.3238093538 0.3153955875
0.0197843013 0.3784310568
-0.2002546347 0.2917877109
-0.2688627741 0.3253541903
0.2368147401 0.4081078582
0.2816043565 0.3351112243
-0.0522463734 0.3801470170
-0.2256556267 0.3284763957
0.0183426964 0.4677466239
0.2999130670 0.3411098320
0.0468387018 0.3823105234
-0.1969853058 0.3061456637
-0.2512930762 0.3587287291
0.2886296872 0.3751268305
0.2742144608 0.3344280603
-0.0747514277 0.3751959849
-0.2302986126 0.3337801306
0.0733717368 0.4605721692
0.2570765754 0.3577358541
-0.0321535498 0.3893133821
0.2845901759 -0.3022690610
-0.2418067077 -0.4098825579
-0.3482036529 -0.2970873019
-0.0504384142 -0.3736800379
0.1832132014 -0.2811114215
0.2553353793 -0.2544537199
0.1683515132 -0.4398520941
0.4330983469 0.1836549591
0.0857966999 0.3544529137
-0.1275672105 0.2474004275
-0.0317397965 0.1483211964
0.2351543098 -0.0204275977
0.3269925085 -0.2139732434
-0.2767542145 -0.4048506409
0.3381511469 0.2637632724
-0.0760467463 0.3399400023
-0.1832083666 0.2333389980
-0.1838770123 0.1887507643
-0.1267511072 0.1564324286
0.0914818013 0.0827668787
0.1863910870 -0.0853890577
0.1215090865 -0.1274500714
-0.1047237183 -0.0660191223
-0.1660873792 0.0876216001
-0.0472169476 0.1067725220
0.1797223566 -0.0119184789
0.1870424089 -0.1268113187
0.1080601215 -0.1346414718
-0.1367558990 -0.0529783040
-0.1981014120 0.1067628784
-0.1538749121 0.1429542888
0.0111730898 0.1056532641
0.1838930266 -0.0486858679
0.1483451675 -0.1252636339
-0.0291864758 -0.0945895176
-0.1650129843 0.0548675161
-0.0764847358 0.1056652818
0.1627655781 0.0138252162
0.1818706293 -0.1164331302
0.0899505387 -0.1268221104
-0.1647600193 -0.0304505597
-0.2195352119 0.1241058164
-0.2281361453 0.1761596653
-0.2655882804 0.2168028232
-0.2266468004 0.4087398883
-0.4835532048 -0.0579193073
-0.1551365322 -0.3362931668
0.1024077918 -0.2532301364
-0.0266750748 -0.1359995706
-0.2459949671 0.0621648772
-0.3207450396 0.2293632553
0.2661450648 0.4087956342
-0.4543742899 -0.1443669519
-0.1142245593 -0.3483111831
0.1162137806 -0.2490581584
0.0018022783 -0.1415564313
-0.2417592327 0.0442602318
-0.3229929997 0.2221503115
0.2658134129 0.4100359619
-0.4110695781 -0.2037530959
-0.0216652887 -0.3550027447
0.1357382294 -0.2340304142
0.0281063630 -0.1431485273
-0.2318294201 0.0247823355
-0.3176412680 0.2045482230
0.1904567371 0.4478415833
-0.4214916044 -0.1901035098
-0.0369322332 -0.3538230303
0.1258783917 -0.2329933674
-0.0049754780 -0.1344900645
-0.2338112360 0.0490323940
-0.3041825616 0.2016561290
0.0746556679 0.4785157846
-0.4472853166 -0.1517113816
-0.0841482549 -0.3497111797
0.1099046541 -0.2375137559
-0.0426346133 -0.1261869012
-0.2369586504 0.0702697972
-0.2986303483 0.2053273979
0.0340810328 0.4822218351
0.4167623481 -0.2475507362
0.2768456405 0.2307430650
0.0817769946 0.2135088994
0.3391775259 -0.0222290668
0.4206369044 -0.2409624572
0.2688661698 0.2351150469
0.0862129441 0.2098252874
0.3439450482 -0.0299713523
0.4251138748 -0.2325685080
0.2601123052 0.2396061605
0.0914470651 0.2056893711
0.3488815364 -0.0384579417
0.4301664027 -0.2222123339
0.2505926272 0.2441028118
0.0974513121 0.2011160957
0.3538454380 -0.0475645843
0.4354885690 -0.2100761776
0.2405123012 0.2485074631
0.1040656479 0.1962016088
0.3586422460 -0.0570081912
0.4407246055 -0.1966082181
0.2301975065 0.2526512470
0.1110116509 0.1911134895
0.3630603748 -0.0664234270
0.4455381146 -0.1824493417
0.2200354091 0.2563881628
0.1179663930 0.1860489160
0.3669951957 -0.0754174534
0.4496930425 -0.1682569052
0.2103640624 0.2596356873
0.1246602591 0.1811780820
0.3704110995 -0.0837296447
0.4531019060 -0.1545148520
0.2013758692 0.2623555107
0.1309430490 0.1766019897
0.3733513630 -0.0912588672
0.4557651603 -0.1414754726
0.1931213406 0.2646092354
0.1367900847 0.1723290873
0.3758658682 -0.0980786637
0.4578011140 -0.1290873373
0.1855106297 0.2664759647
0.1422801992 0.1683008959
0.3780976982 -0.1043061377
0.4593073108 -0.1171345124
0.1783539158 0.2680159574
0.1475675389 0.1644337684
0.3801565737 -0.1101388988
0.4603758069 -0.1052614597
0.1714261479 0.2693114331
0.1528254200 0.1605862414
0.3820898540 -0.1158312520
0.4609740913 -0.0931401906
0.1644852772 0.2704163810
0.1582344578 0.1566071648
0.3840278414 -0.1215677280
0.4611372603 -0.0803082573
0.1572963616 0.2713327018
0.1639751742 0.1523804200
0.3859984871 -0.1275706942
0.4607294999 -0.0664845136
0.1496909887 0.2720822132
0.1701591323 0.1477543393
0.3880317557 -0.1340020625
0.4596430404 -0.0514310511
0.1415775345 0.2726183447
0.1768525233 0.1426760931
0.3901361992 -0.1409497016
0.4576890009 -0.0351998391
0.1329999020 0.2728718983
0.1840041357 0.1371356891
0.3922186688 -0.1484423125
0.4547472492 -0.0180888955
0.1241740590 0.2728005738
0.1914422075 0.1312078604
0.3942454279 -0.1563327681
0.4508191244 -0.0006489259
0.1154471062 0.2723649868
0.1989309035 0.1251019534
0.3960494498 -0.1644358075
0.3061465489 0.3248545265
-0.0107936507 0.3805927567
-0.2140406384 0.3044169175
-0.1990324855 0.4137184357
0.3749965645 0.3038472775
0.3497211669 0.2869386718
0.0108234256 0.3722497815
-0.1922970789 0.2743347912
-0.2632350502 0.2611731054
-0.0688259177 0.4709692940
0.4932322138 0.0524969304
0.2881712738 0.3063407699
-0.1048163196 0.3441091190
-0.2310756565 0.2701277077
-0.2466652572 0.3784073409
0.3908295691 0.2928398682
0.4600256823 0.1624739651
0.2618681589 0.3219531293
-0.1197415511 0.3405443157
-0.2414778808 0.2808745707
-0.1464882506 0.4462646935
0.4515840003 0.2017987040
0.4823477031 0.1055045572
0.3025222509 0.3025091618
-0.0884572968 0.3549665424
-0.2308864518 0.2812658738
-0.2116147629 0.4089942315
0.4171499277 0.2585492926
0.4668472088 0.1470961360
0.2709432317 0.3177172478
-0.1140937302 0.3436768931
-0.2397174473 0.2814226910
-0.1564892157 0.4418177357
0.4483075907 0.2081495679
0.4831023991 0.1033195885
0.3059212988 0.3008437428
-0.0849596016 0.3561699980
-0.2295529455 0.2809184135
-0.2195547272 0.4026824940
0.4091802957 0.2692064216
0.4583288377 0.1646410720
0.2503356152 0.3259526756
-0.1265638421 0.3341047719
-0.2408919586 0.2735221219
-0.1859703415 0.4276159653
0.4588264287 0.1897432419
0.4677200150 0.1349686219
0.2153724291 0.3335572393
-0.1360920708 0.3067236427
-0.2053511466 0.2264910563
-0.2409941458 0.2165340664
-0.2932581205 0.2994000098
0.2834590689 0.3880174955
0.4134211680 0.2364651183
0.1797622810 0.3499452476
-0.1502937467 0.3053548755
-0.2308596820 0.2432353187
-0.2851488800 0.3114331180
0.2771683264 0.3896751881
0.3692236785 0.2791459653
0.0804390403 0.3687382935
-0.1693663462 0.2778708352
-0.2219608833 0.2237870770
-0.2765045713 0.2504398855
0.0002667170 0.4783028371
0.4548739981 0.1593366633
0.1766906542 0.3432627891
-0.1377714641 0.2863200493
-0.1594417400 0.1972884888
-0.0475745773 0.1372656644
0.2146680456 -0.0096394518
0.2927361727 -0.1758553232
0.1182754677 -0.4680143685
0.3374317978 0.2542010181
-0.0784954629 0.3247390934
-0.1397546646 0.2077080554
0.0054597347 0.1264324446
0.2206475752 -0.0490089751
0.2697466283 -0.1752248364
0.2794766860 -0.3624620384
0.4643294498 0.1746686354
0.4855391611 0.0942666893
0.3074448280 0.2997259334
-0.0839515726 0.3561585226
-0.2286922530 0.2798045882
-0.2273370355 0.3960664174
0.4016164274 0.2788807598
0.4516766079 0.1768898409
0.2350666521 0.3314785467
-0.1335886642 0.3266384295
-0.2392352001 0.2650829580
-0.2274516813 0.3991674153
0.4401259509 0.2263103522
0.3281844168 0.2856443707
-0.0658965008 0.3584345125
-0.2163612921 0.2694206284
-0.2766425577 0.3194999564
0.2576549483 0.3988897016
0.3202003421 0.3138431802
-0.0032934858 0.3780314088
-0.2085402452 0.2938174009
-0.2539202772 0.3601587136
0.3125349306 0.3602428359
0.3154868892 0.3125910055
-0.0264397983 0.3763445756
-0.2168788140 0.2970857386
-0.2166143784 0.4016253654
0.3750033272 0.3055713455
0.3728419960 0.2697790717
0.0548149601 0.3687182353
-0.1708103983 0.2690264417
-0.2095423042 0.2129357247
-0.2388942216 0.2102150027
-0.2938011491 0.2822509720
0.2322965523 0.4179255686
0.3981023405 0.2556942529
0.1612699192 0.3554214642
-0.1549963684 0.3004999023
-0.2311974018 0.2409471809
-0.2861374063 0.3080115943
0.2705279166 0.3939606134
0.3684748388 0.2801485743
0.0811525973 0.3688300661
-0.1695938664 0.2784361083
-0.2235062177 0.2250291558
-0.2796582768 0.2563172801
0.0527566398 0.4749533856
0.4685855904 0.1589355803
0.4100097508 0.2281090182
0.1016219158 0.3598134197
-0.1485613142 0.2665099500
-0.1410991221 0.1839442986
0.0303631317 0.1122508622
0.2023898354 -0.0605981458
0.2000821254 -0.1460735733
0.1598851148 -0.1553310959
0.0133864750 -0.1163472973
-0.1996254324 0.0364619860
-0.2167785563 0.1453947475
-0.2201602364 0.1785734236
-0.2442147537 0.2019406675
-0.2969945327 0.2892441241
0.2728230925 0.3957786816
0.4270515943 0.2204073263
0.2181605221 0.3395681964
-0.1405964631 0.3242283415
-0.2447880413 0.2704233973
-0.1738170152 0.4348579801
0.4763718418 0.1472989333
0.4474224815 0.1701906918
0.1499022371 0.3482139712
-0.1355149410 0.2732706427
-0.1196482405 0.1796968897
0.0989404168 0.0883076599
0.2099788533 -0.0923796274
0.2037190370 -0.1564683600
0.1770223940 -0.1640149744
0.0806748642 -0.1369245916
-0.1832476790 -0.0231289478
-0.2555543732 0.1421864774
-0.4028043725 -0.1224296410
-0.0434651970 -0.2715850315
-0.2044320875 -0.1015164189
-0.3841862491 0.1911268962
-0.4673568497 0.0756500243
-0.1387627174 -0.2846801480
-0.1303143576 -0.1618354183
-0.3665703326 0.1119170136
-0.3953529110 0.2984293306
-0.2476752132 -0.2585610813
-0.0478587765 -0.2175356320
-0.3166675443 0.0085204520
-0.3538600935 0.3397233452
-0.3390620382 -0.1977321040
-0.0243724336 -0.2529182419
-0.2437860644 -0.0674441322
-0.3869699455 0.2427695717
-0.4376290325 -0.0589048439
-0.0696950547 -0.2807681728
-0.1801229186 -0.1224456948
-0.3792355967 0.1636304391
-0.4574335357 0.1640236949
-0.1836055185 -0.2785433464
-0.0949904913 -0.1855992037
-0.3529780967 0.0740852364
-0.3538970717 0.3477150390
-0.2829312300 -0.2405741751
-0.0304925494 -0.2330885161
-0.2867501781 -0.0269315971
-0.3716154042 0.3051988252
-0.3794066084 -0.1544082344
-0.0329305361 -0.2651007216
-0.2180520372 -0.0895330557
-0.3861781082 0.2080474922
-0.4630202055 0.0266455613
-0.1126704616 -0.2855622223
-0.1488376544 -0.1479534469
-0.3717988230 0.1309627054
-0.4208803243 0.2577652552
-0.2275150270 -0.2664949893
-0.0609539456 -0.2079757446
-0.3307491998 0.0298075998
-0.3474231581 0.3503868967
-0.3195032836 -0.2147324367
-0.0240124288 -0.2464752837
-0.2577685772 -0.0550591525
-0.3844987688 0.2630006689
-0.4189474818 -0.0961519577
-0.0535832267 -0.2759305534
-0.1942068799 -0.1104409687
-0.3822832861 0.1791744561
-0.4659249821 0.1129042752
-0.1581786357 -0.2826986660
-0.1155536885 -0.1721073534
-0.3615786876 0.0965582558
-0.3753277802 0.3243642547
-0.2627288337 -0.2515992597
-0.0393426195 -0.2244171126
-0.3043831181 -0.0072436771
-0.3609193951 0.3273039498
-0.3556770443 -0.1814261780
-0.0264991731 -0.2581239716
-0.2325565755 -0.0770333883
-0.3872806741 0.2272210485
-0.4509093918 -0.0237676456
-0.0865560426 -0.2838163533
-0.1672083837 -0.1331934504
-0.3762605223 0.1499765138
-0.4442143629 0.2070472303
-0.2039362071 -0.2738261885
-0.0785282530 -0.1962113412
-0.3439965024 0.0542050412
-0.3462940624 0.3542434646
-0.2993384496 -0.2299373408
-0.0261670317 -0.2394283868
-0.2730759750 -0.0406768597
-0.3788303867 0.2856795802
-0.3979869247 -0.1295318865
-0.0409311005 -0.2702629404
-0.2072872815 -0.0989981548
-0.0750454032 -0.3203576685
-0.0160231677 -0.1876763586
-0.2976090535 0.0341025427
-0.2667920640 0.4088636220
-0.4434766137 -0.0836949965
-0.0338503159 -0.3063562290
-0.0706870584 -0.1593283436
-0.3136207159 0.0855110936
-0.0953789270 0.4833713734
-0.4659695891 -0.0513394554
-0.0614299982 -0.3217712385
-0.0112221575 -0.1861742606
-0.2933501177 0.0322297642
-0.2816993009 0.3957396710
-0.4513589934 -0.0651489232
-0.0454304188 -0.3071232033
-0.0719409963 -0.1616639113
-0.3174892611 0.0853290704
-0.0667402598 0.4891867541
-0.4577298297 -0.0736987679
-0.0454250994 -0.3217353929
-0.0095692956 -0.1830461403
-0.2906899318 0.0338721952
-0.2883157440 0.3884843520
-0.4590457071 -0.0452456084
-0.0578488384 -0.3083192052
-0.0692639540 -0.1655634735
-0.3197311771 0.0820455130
-0.0600511868 0.4907572594
-0.4481971903 -0.0934119913
-0.0301558026 -0.3199865406
-0.0116528430 -0.1788015081
-0.2898232059 0.0387894668
-0.2877271780 0.3875590752
-0.4655708565 -0.0262725873
-0.0698484317 -0.3096891465
-0.0633712526 -0.1704372719
-0.3201260965 0.0760734825
-0.0753138453 0.4890654753
-0.4393193392 -0.1079497930
-0.0186782864 -0.3169255696
-0.0180527353 -0.1739275876
-0.2907937636 0.0466123640
-0.2795923120 0.3935885684
-0.4704327574 -0.0109879916
-0.0798550561 -0.3112213465
-0.0549804156 -0.1756463255
-0.3185126741 0.0679544776
-0.1091020196 0.4826892694
-0.4329664532 -0.1159151250
-0.0125698576 -0.3133769373
-0.0284387293 -0.1689420300
-0.2933150890 0.0563440455
-0.2630987825 0.4062934101
-0.4736217144 -0.0016388741
-0.0866392429 -0.3130112864
-0.0451359032 -0.1805504634
-0.3150580895 0.0585844141
-0.1530305444 0.4700580639
-0.4300314953 -0.1174829291
-0.0115433942 -0.3101279417
-0.0410018938 -0.1643773129
-0.2970362636 0.0662836254
-0.2371340629 0.4243365520
-0.4752580245 -0.0002461306
-0.0891123318 -0.3150755924
-0.0350942537 -0.1844993730
-0.3102282119 0.0492517911
-0.1967076548 0.4522439836
-0.4307025667 -0.1131374115
-0.0147235074 -0.3077329228
-0.0532296258 -0.1608778725
-0.3017134584 0.0749038589
-0.2001872208 0.4456237443
-0.4751187362 -0.0080473228
-0.0863180109 -0.3174195495
-0.0257936954 -0.1869784435
-0.3046474460 0.0411844897
-0.2333428381 0.4323776717
-0.4347652216 -0.1032073765
-0.2184173303 -0.3493071450
0.1362850497 -0.3480385089
0.2458330770 -0.3361555722
-0.1617266245 -0.4365201406
-0.2194562545 -0.3649217472
0.0981722414 -0.3815997832
0.1939530188 -0.3933068337
-0.1957733109 -0.4111474739
-0.0965271525 -0.3909536697
0.1759249446 -0.3545512403
0.1043668395 -0.4496219805
-0.2892930345 -0.3564825818
-0.0955457284 -0.3795105114
0.1838264821 -0.3165587214
0.2524769532 -0.3505078206
-0.2542566998 -0.3949921775
-0.2410082975 -0.3500410350
0.1017531814 -0.3728307258
0.2220528287 -0.3642403431
-0.1703532664 -0.4273479585
-0.1514001770 -0.3829149859
0.1478103806 -0.3682933101
0.1368128177 -0.4348481489
-0.2600065371 -0.3746832392
-0.0800727139 -0.3852770737
0.1890764103 -0.3269822867
0.2056199379 -0.4035214526
-0.3208886278 -0.3476532668
-0.2455630078 -0.3427667112
0.1117356557 -0.3636885250
0.2353484545 -0.3457850314
-0.1509814683 -0.4381064772
-0.1959833530 -0.3731150066
0.1143427320 -0.3799172648
0.1696303007 -0.4135005702
-0.2215599578 -0.3963068563
-0.0758575130 -0.3908560121
0.1867915779 -0.3440335973
0.1188479497 -0.4469900171
-0.3132503505 -0.3438300646
-0.1456642497 -0.3690423672
0.1679238594 -0.3229019900
0.2582691679 -0.3256913906
-0.1831936598 -0.4308413032
-0.2485533202 -0.3528943356
0.0758957429 -0.3823428387
0.2161065045 -0.3635988389
-0.1420855058 -0.4369612039
-0.1536468566 -0.3851543354
0.1387237151 -0.3759432809
0.1192315420 -0.4398845287
-0.2422542877 -0.3809559342
-0.0470749707 -0.3912025834
0.1971952009 -0.3365647649
0.1097301103 -0.4512660521
-0.3281028723 -0.3334469454
-0.1668036933 -0.3633108830
0.1606599716 -0.3271665044
0.2572211266 -0.3209172354
-0.1602291559 -0.4400953442
-0.2588208745 -0.3505469100
0.0580299197 -0.3846788581
0.2187829879 -0.3518891124
-0.1013449956 -0.4510479277
-0.1973021208 -0.3770246798
0.0978113705 -0.3878054550
0.1616080947 -0.4153246884
-0.2027564351 -0.4029799256
-0.0569345879 -0.3957469474
0.1871579072 -0.3549876116
0.0414028754 -0.4617757660
-0.2695978770 -0.3610912968
-0.0310213100 -0.3880697129
0.2035476304 -0.3236440821
0.1543561033 -0.4362020818
-0.3536677301 -0.3183671617
-0.2554492201 -0.3362316551
0.1089476402 -0.3615049259
0.2396690506 -0.3324635970
-0.1165570060 -0.4511848175
-0.3582492463 -0.3008590331
-0.1410024640 -0.3641909268
0.1650158157 -0.3050887906
0.2538956385 -0.2686564123
0.1119897927 -0.4600380574
-0.4944431133 -0.0740207799
-0.4747219022 -0.1179670302
-0.2326488121 -0.3280455113
0.1324257948 -0.3157558106
0.2179361837 -0.2390178785
0.2778236164 -0.2623577864
-0.0627650064 -0.4730071726
-0.4455743687 -0.2029292839
-0.3480140053 -0.2820704211
0.0146066707 -0.3693829751
0.1992430289 -0.2714470573
0.2704686601 -0.2723610563
-0.0476718048 -0.4735024048
-0.4226370883 -0.2368662853
-0.2963456107 -0.3127844368
0.0808581629 -0.3639862737
0.2341821220 -0.3008499619
0.0883743397 -0.4622605095
-0.4005817600 -0.2699653676
-0.3138564658 -0.3063152416
0.0529837458 -0.3702952148
0.2242800908 -0.2945092328
0.1907192569 -0.4212108829
-0.4025797401 -0.2746199466
-0.4049672537 -0.2384577044
-0.1154468514 -0.3598951684
0.1523740078 -0.2748794552
0.1714513328 -0.1976070955
0.0911988255 -0.1488367217
-0.1718882168 -0.0393507317
-0.2545644046 0.1354100887
-0.3117951488 0.2647894656
0.2944816519 0.3866013675
-0.3939558012 -0.2348103741
-0.0294275471 -0.3622061635
0.1573888077 -0.2494852152
0.1304360844 -0.1750715091
-0.0713581851 -0.0965286186
-0.1953604062 0.0782641229
-0.1596655489 0.1371095607
-0.0078694797 0.1095778551
0.1889851089 -0.0388567499
0.1781828583 -0.1320186225
0.0745992395 -0.1267528402
-0.1835835140 -0.0141157371
-0.2414577363 0.1390989551
-0.2909532645 0.2270922616
0.0369813173 0.4797225878
-0.3786760265 -0.2433818635
0.0117266693 -0.3596259993
0.1714706075 -0.2464165424
0.1690425683 -0.1870774203
0.0703369592 -0.1403876478
-0.1976335117 -0.0132976865
-0.2781035232 0.1575987262
-0.2656228582 0.3838421088
-0.3670448245 -0.2271375548
0.0575278296 -0.3295048194
0.1205218930 -0.2050160516
-0.0693438805 -0.1072416272
-0.2178545585 0.0806972965
-0.2374021867 0.1677595624
-0.2850653007 0.2332350250
0.0059891652 0.4801775888
-0.4123780704 -0.2106530528
-0.0475250294 -0.3584693618
0.1403003915 -0.2439103271
0.0636108184 -0.1550997985
-0.2128419544 -0.0123143085
-0.3129438519 0.1820783131
0.1013853373 0.4762063014
-0.3525824725 -0.2502719206
0.0656084797 -0.3401210772
0.1685026735 -0.2271694253
0.1246389200 -0.1665867549
0.2780686859 0.2775049487
-0.0747700678 0.2783596093
0.0240156885 0.1467774110
0.2621607160 -0.0602200589
0.3346988947 -0.2808579370
0.3847515591 0.2044623571
-0.0428954466 0.3271326898
-0.0896285454 0.1963244309
0.1591411598 0.0699097801
0.2815603610 -0.1351211156
0.2721872944 -0.3814980567
0.3126006675 0.2609189978
-0.0792074317 0.2990307334
-0.0536714528 0.1730550526
0.2295749903 0.0129319404
0.3428706162 -0.2163196648
0.4570179880 0.1059083424
0.0553774547 0.3380719305
-0.0594765601 0.2091899945
0.2055376441 0.0530420410
0.3437612135 -0.1895418934
-0.3700900442 -0.3339865042
0.4579043933 0.1003268162
0.0538128524 0.3362177357
-0.0517167097 0.2059845534
0.2212883654 0.0420612814
0.3547609213 -0.2127781157
0.3562160924 0.2201456413
-0.0540742437 0.3043712126
-0.0226687406 0.1693354229
0.2583187230 -0.0185751866
0.3470751162 -0.2794351810
0.2530477520 0.2769511970
-0.0315177647 0.2481031196
0.1895309958 0.0835142762
0.3532037687 -0.1776531823
0.3870917333 0.1916237349
-0.0375037731 0.3158564467
-0.0384988980 0.1792092615
0.2475905602 0.0027434913
0.3532098473 -0.2560629182
0.2776203099 0.2660467049
-0.0424686156 0.2605468511
0.1408801596 0.1077808437
0.3151791536 -0.1324272984
-0.0112902134 -0.4902602972
0.4821874574 -0.1176681718
0.1721918420 0.3175595244
-0.0511603491 0.2342103254
0.1848127066 0.0771349267
0.3392668155 -0.1693181849
-0.2815420482 -0.4078415026
0.4742697940 0.0567989486
0.0890864738 0.3336942884
-0.0463408297 0.2122783292
0.2238260823 0.0446248462
0.3593576136 -0.2186242895
0.3044467474 0.2507557527
-0.0475569083 0.2727055063
0.0968876260 0.1267642057
0.2886404685 -0.1032396099
0.2607320230 -0.3992127866
0.2059721692 0.3000645597
-0.0320045548 0.2353585318
0.2141317851 0.0647064861
0.3647456170 -0.2078381196
0.2689721739 0.2643162931
-0.0200679239 0.2480917149
0.2062962543 0.0769160015
0.3666363687 -0.1985099476
0.2622808509 0.2656052774
-0.0105817672 0.2423846772
0.2304561563 0.0623794690
0.3760865790 -0.2322887214
0.4707857553 -0.0831741537
0.1365125885 0.2913947936
0.1041219279 0.1712878267
0.3526112224 -0.0941755856
0.1329973698 -0.4813382022
0.3148461931 0.2295341357
0.2021991946 0.2563785619
0.1536626014 0.1677894773
0.3846462710 -0.1029600465
0.4563589934 -0.0529306136
0.1525622793 0.2656505359
0.1923001161 0.1381243759
0.3982746879 -0.1442011495
0.4381695051 0.0293003644
0.1115629343 0.2643224714
0.2300004966 0.1064639083
0.4068730551 -0.1829974200
0.4029939379 0.1011556138
0.0871592076 0.2542560361
0.2668485504 0.0728954244
0.4114243335 -0.2150536448
0.3582281513 0.1592262572
0.0803234523 0.2388227133
0.3031918671 0.0352154347
0.4179341712 -0.2265141472
0.3092725336 0.2033349665
0.0895321747 0.2198903853
0.3361495217 -0.0074781463
0.4338315207 -0.2013420190
0.2588488519 0.2344531253
0.1143559577 0.1971835708
0.3631424116 -0.0537025725
0.4520856332 -0.1407283202
0.2072435901 0.2549146907
0.1499201728 0.1705671891
0.3830333186 -0.0987551281
0.4569908439 -0.0611257163
0.1571905688 0.2652071376
0.1885230731 0.1411279169
0.3971641657 -0.1402569855
0.4408425107 0.0215701072
0.1149342088 0.2648933723
0.2263638790 0.1096279227
0.4062384270 -0.1793669404
0.4069675506 0.0947252816
0.0887388410 0.2555183906
0.2632378667 0.0763321057
0.4110299932 -0.2125227411
0.3628819807 0.1541457686
0.0802753751 0.2404983658
0.2997241123 0.0391360500
0.4169172163 -0.2268444536
0.3141421466 0.1996237010
0.0879214608 0.2219037753
0.3331485686 -0.0030923666
0.4319272669 -0.2055641141
0.2638574363 0.2318938728
0.1113169521 0.1996042950
0.3608107282 -0.0491315334
0.4506729862 -0.1477947884
0.2123029610 0.2533588637
0.1462046163 0.1733240515
0.3813672497 -0.0945114713
0.4574044396 -0.0692987830
0.1618905872 0.2646634044
0.1847381532 0.1441146786
0.3959915723 -0.1363033980
0.4433364062 0.0137303352
0.1184670772 0.2653707692
0.2227176605 0.1127800421
0.4055658045 -0.1756827894
0.4108465397 0.0881622065
0.0904931098 0.2567354178
0.2596289058 0.0797307122
0.4106496149 -0.2098132156
0.3674921228 0.1489315035
0.0803825124 0.2421546034
0.2962254557 0.0430066076
0.4160179224 -0.2268083473
0.3190021284 0.1957854992
0.0864620751 0.2238689431
0.3300921034 0.0012535185
0.4300448743 -0.2094354844
0.2688527485 0.2292375868
0.1083886838 0.2019718615
0.3584074301 -0.0445530718
0.1063339994 0.3544051470
-0.1334407879 0.2571223310
-0.0728762341 0.1616810946
0.2027855049 0.0257090281
0.3071826333 -0.1712897145
-0.0197414644 -0.4862580321
0.3189370227 0.2687409830
-0.0893073829 0.3208396702
-0.1473933561 0.2080984272
-0.0206978434 0.1334184850
0.2231243944 -0.0318705773
0.2917767015 -0.1839304017
0.1048494422 -0.4709806167
0.3616786963 0.2383953188
-0.0601929953 0.3365813477
-0.1491572097 0.2179063702
-0.0423418473 0.1418512568
0.2223683183 -0.0131480250
0.3074871495 -0.1889595716
-0.0695394964 -0.4805886742
0.3899145636 0.2201109301
-0.0219537855 0.3499309299
-0.1483108201 0.2286344407
-0.0586821599 0.1491826231
0.2150067892 0.0046607278
0.3092518885 -0.1824877680
-0.0688809516 -0.4813728608
0.3610731217 0.2435179673
-0.0576869340 0.3422656618
-0.1642316395 0.2270969583
-0.1099269362 0.1623241974
0.1329970246 0.0673362497
0.2219977119 -0.1093828752
0.2388369514 -0.1771399487
0.2897364933 -0.2446358472
-0.0897460824 -0.4709897242
-0.4684951556 -0.1380812948
-0.2432268391 -0.3263830480
0.1298602610 -0.3257903908
0.2328129282 -0.2574601044
0.2680078114 -0.3519051367
-0.3589640257 -0.3265790019
-0.4373907708 -0.2016534270
-0.2130603974 -0.3393135078
0.1413717744 -0.3174173129
0.2362055681 -0.2552487627
0.2634725940 -0.3604599299
-0.3828228970 -0.3032389834
-0.4792876488 -0.1183044092
-0.3181907495 -0.2954516604
0.0691733038 -0.3612332212
0.2238586258 -0.2802178718
0.2447171085 -0.3777742557
-0.3699795860 -0.3133846472
-0.4079644364 -0.2374197938
-0.1347315587 -0.3575063017
0.1522282137 -0.2827330565
0.1888010336 -0.2078639400
0.1663939052 -0.1745039278
0.0489000994 -0.1312888115
-0.2078982378 0.0095876106
-0.2750571189 0.1644586423
-0.2712705105 0.3758996630
-0.3988928299 -0.1991293255
0.0247389264 -0.3402450500
0.1160533196 -0.2119988544
-0.0720865680 -0.1087875679
-0.2240051987 0.0827896795
-0.2560175357 0.1782612625
-0.3027343700 0.3044363380
0.3711176512 0.3213948864
-0.3751344628 -0.2486275855
0.0112172741 -0.3611196030
0.1756139229 -0.2497311635
0.1878759931 -0.1957001026
0.1487674043 -0.1651214012
-0.0197662112 -0.1096808342
-0.1935900328 0.0542791969
-0.1757591507 0.1356736842
-0.0658462065 0.1253392286
