q p orbit
3.218596 2.283417 1
0.922070 1.753244 1
5.430894 2.237625 1
3.151879 2.255860 1
0.865180 1.747312 1
5.371679 2.264399 1
3.073369 2.234255 1
0.825776 1.757027 1
5.348014 2.287412 1
3.072838 2.243654 1
0.848328 1.770366 1
5.387219 2.280910 1
3.150707 2.273290 1
0.907495 1.772607 1
5.444131 2.251852 1
3.218172 2.288982 1
0.935704 1.761464 1
5.453963 2.233534 1
3.198321 2.273323 1
0.900431 1.748826 1
5.405706 2.247113 1
3.113564 2.243865 1
0.842348 1.749887 1
5.353973 2.276703 1
3.060926 2.234182 1
0.827597 1.763298 1
5.358216 2.288721 1
3.100323 2.255664 1
0.872784 1.773165 1
5.413553 2.269626 1
3.186807 2.283473 1
0.926801 1.769086 1
5.456466 2.240771 1
3.221707 2.285870 1
0.927610 1.755238 1
5.438461 2.235490 1
3.165187 2.260484 1
0.874295 1.747144 1
5.379803 2.259756 1
3.081625 2.235777 1
0.828088 1.754915 1
5.347347 2.285529 1
3.066658 2.240280 1
0.841243 1.768829 1
5.378529 2.283901 1
3.137131 2.268924 1
0.899012 1.773242 1
5.437403 2.256386 1
3.212697 2.288612 1
0.935577 1.763632 1
5.456784 2.234363 1
3.207187 2.277299 1
0.908804 1.750109 1
5.414912 2.243299 1
3.126684 2.247748 1
0.849592 1.748655 1
5.359071 2.272666 1
3.063271 2.233475 1
0.825537 1.761118 1
5.353318 2.288970 1
3.089265 2.251163 1
0.863718 1.772478 1
5.404312 2.273946 1
3.174949 2.280389 1
0.921059 1.770583 1
5.453430 2.244230 1
3.222568 2.287643 1
0.931816 1.757367 1
5.445025 2.234085 1
3.177825 2.265120 1
0.883589 1.747375 1
5.388572 2.255146 1
3.091575 2.238021 1
0.831857 1.752948 1
5.348251 2.282976 1
3.062580 2.237502 1
0.835258 1.767056 1
5.370521 2.286251 1
3.123682 2.264334 1
0.890008 1.773537 1
5.429700 2.261055 1
3.205227 2.287482 1
0.933888 1.765699 1
5.458102 2.235955 1
3.214204 2.280825 1
0.916378 1.751691 1
5.423769 2.239988 1
3.140227 2.252006 1
0.857706 1.747770 1
5.365405 2.268305 1
3.067816 2.233558 1
0.825005 1.758905 1
5.349821 2.288453 1
3.079678 2.246947 1
0.855128 1.771469 1
5.395022 2.277899 1
3.162150 2.276760 1
0.914167 1.771804 1
5.448979 2.248173 1
3.221159 2.288688 1
0.934566 1.759568 1
5.450406 2.233450 1
3.189436 2.269639 1
0.892800 1.747997 1
5.397736 2.250698 1
3.102940 2.240921 1
0.836982 1.751188 1
5.350699 2.279822 1
3.060718 2.235400 1
0.830538 1.765094 1
5.363422 2.287899 1
3.110737 2.259650 1
0.880739 1.773485 1
5.421235 2.265725 1
3.195969 2.285618 1
0.930684 1.767609 1
5.457879 2.238267 1
3.219177 2.283807 1
0.922938 1.753519 1
5.432030 2.237277 1
3.153809 2.256516 1
0.866463 1.747264 1
5.372792 2.263738 1
3.074437 2.234426 1
0.826015 1.756718 1
5.347822 2.287186 1
3.071831 2.243138 1
0.847255 1.770162 1
5.385944 2.281374 1
3.148772 2.272685 1
0.906323 1.772718 1
5.443236 2.252487 1
3.217517 2.288976 1
0.935783 1.761778 1
5.454456 2.233605 1
3.199693 2.273915 1
0.901668 1.748990 1
5.407034 2.246540 1
3.115400 2.244393 1
0.843323 1.749691 1
5.354621 2.276150 1
3.061124 2.234033 1
0.827210 1.762991 1
5.357434 2.288804 1
3.098663 2.255007 1
0.871468 1.773087 1
5.412245 2.270262 1
3.185182 2.283069 1
0.926057 1.769316 1
5.456122 2.241232 1
3.221969 2.286166 1
0.928297 1.755535 1
5.439465 2.235243 1
3.167044 2.261150 1
0.875619 1.747152 1
5.381024 2.259092 1
3.082951 2.236055 1
0.828539 1.754623 1
5.347380 2.285204 1
3.065943 2.239844 1
0.840315 1.768588 1
5.377337 2.284278 1
3.135191 2.268278 1
0.897750 1.773305 1
5.436356 2.257048 1
3.211747 2.288497 1
0.935431 1.763935 1
5.457066 2.234544 1
3.208309 2.277833 1
0.909941 1.750318 1
5.416205 2.242792 1
3.128604 2.248337 1
0.850705 1.748507 1
5.359905 2.272060 1
3.063788 2.233439 1
0.825366 1.760803 1
5.352729 2.288943 1
3.087797 2.250540 1
0.862454 1.772353 1
5.402981 2.274536 1
3.173168 2.279901 1
0.920139 1.770776 1
5.452877 2.244767 1
3.222506 2.287838 1
0.932300 1.757679 1
5.445871 2.233946 1
3.179557 2.265777 1
0.884917 1.747440 1
5.389864 2.254497 1
3.093121 2.238397 1
0.832510 1.752683 1
5.348508 2.282560 1
3.062176 2.237159 1
0.834502 1.766786 1
5.369445 2.286531 1
3.121791 2.263666 1
0.888693 1.773551 1
5.428531 2.261726 1
3.204007 2.287259 1
0.933521 1.765983 1
5.458164 2.236243 1
3.215044 2.281287 1
0.917383 1.751938 1
5.424992 2.239562 1
3.142176 2.252638 1
0.858924 1.747674 1
5.366401 2.267661 1
3.068639 2.233634 1
0.825055 1.758589 1
5.349441 2.288317 1
3.078444 2.246375 1
0.853953 1.771300 1
5.393704 2.278427 1
3.160264 2.276202 1
0.913099 1.771954 1
5.448234 2.248770 1
3.220773 2.288776 1
0.934835 1.759885 1
5.451070 2.233424 1
3.190993 2.270268 1
0.894095 1.748117 1
5.399063 2.250083 1
3.104663 2.241385 1
0.837818 1.750957 1
5.351171 2.279326 1
3.060636 2.235158 1
0.829974 1.764800 1
5.362493 2.288075 1
3.108949 2.258980 1
0.879407 1.773449 1
5.419976 2.266385 1
3.194513 2.285294 1
0.930107 1.767867 1
5.457721 2.238653 1
3.219712 2.284185 1
0.923782 1.753797 1
5.433149 2.236943 1
3.155732 2.257174 1
0.867754 1.747223 1
5.373923 2.263075 1
3.075543 2.234613 1
0.826284 1.756412 1
5.347663 2.286945 1
3.070865 2.242633 1
0.846200 1.769953 1
5.384678 2.281827 1
3.146833 2.272072 1
0.905136 1.772823 1
5.442317 2.253127 1
3.216819 2.288955 1
0.935829 1.762091 1
5.454920 2.233691 1
3.201032 2.274500 1
0.902894 1.749160 1
5.408360 2.245977 1
3.117251 2.244931 1
0.844319 1.749502 1
5.355296 2.275588 1
3.061368 2.233900 1
0.826854 1.762682 1
5.356679 2.288871 1
3.097027 2.254354 1
0.870157 1.773002 1
5.410930 2.270892 1
3.183531 2.282652 1
0.925286 1.769540 1
5.455747 2.241705 1
3.222185 2.286449 1
0.928956 1.755836 1
5.440449 2.235011 1
3.168886 2.261815 1
0.876946 1.747169 1
5.382256 2.258428 1
3.084310 2.236348 1
0.829021 1.754335 1
5.347446 2.284865 1
3.065271 2.239421 1
0.839411 1.768344 1
5.376159 2.284642 1
3.133255 2.267628 1
0.896479 1.773361 1
5.435290 2.257713 1
3.210756 2.288366 1
0.935252 1.764236 1
5.457317 2.234742 1
3.209393 2.278358 1
0.911062 1.750533 1
5.417492 2.242296 1
3.130531 2.248933 1
0.851834 1.748365 1
5.360764 2.271447 1
3.064351 2.233418 1
0.825227 1.760486 1
5.352170 2.288900 1
3.086360 2.249922 1
0.861201 1.772221 1
5.401649 2.275119 1
3.171368 2.279403 1
0.919197 1.770962 1
5.452296 2.245313 1
3.222397 2.288018 1
0.932755 1.757992 1
5.446692 2.233823 1
3.181266 2.266430 1
0.886243 1.747513 1
5.391164 2.253851 1
3.094695 2.238787 1
0.833190 1.752421 1
5.348796 2.282132 1
3.061818 2.236829 1
0.833773 1.766512 1
5.368388 2.286796 1
3.119911 2.262998 1
0.887373 1.773557 1
5.427346 2.262396 1
3.202751 2.287022 1
0.933123 1.766263 1
5.458196 2.236545 1
3.215842 2.281738 1
0.918367 1.752191 1
5.426203 2.239148 1
3.144125 2.253276 1
0.860155 1.747586 1
5.367419 2.267014 1
3.069505 2.233727 1
0.825136 1.758274 1
5.349093 2.288166 1
3.077246 2.245811 1
0.852793 1.771125 1
5.392392 2.278946 1
3.158366 2.275635 1
0.912011 1.772098 1
5.447462 2.249374 1
3.220342 2.288849 1
0.935073 1.760202 1
5.451706 2.233413 1
3.192522 2.270892 1
0.895383 1.748244 1
5.400393 2.249474 1
3.106407 2.241860 1
0.838679 1.750731 1
5.351674 2.278820 1
3.060602 2.234932 1
0.829439 1.764504 1
5.361588 2.288235 1
3.107179 2.258312 1
0.878076 1.773406 1
5.418706 2.267042 1
3.193027 2.284956 1
0.929501 1.768120 1
5.457532 2.239052 1
3.220203 2.284549 1
0.924601 1.754079 1
5.434250 2.236623 1
3.157647 2.257834 1
0.869052 1.747191 1
5.375070 2.262411 1
3.076688 2.234816 1
0.826584 1.756107 1
5.347536 2.286690 1
3.069939 2.242139 1
0.845165 1.769738 1
5.383423 2.282267 1
3.144891 2.271453 1
0.903935 1.772920 1
5.441376 2.253772 1
3.216078 2.288918 1
0.935842 1.762403 1
5.455354 2.233794 1
3.202337 2.275077 1
0.904106 1.749337 1
5.409682 2.245421 1
3.119117 2.245478 1
0.845336 1.749319 1
5.355999 2.275018 1
3.061657 2.233783 1
0.826528 1.762371 1
5.355951 2.288922 1
3.095417 2.253706 1
0.868852 1.772911 1
5.409611 2.271517 1
3.181857 2.282223 1
0.924489 1.769760 1
5.455342 2.242189 1
3.222355 2.286717 1
0.929586 1.756138 1
5.441411 2.234795 1
3.170713 2.262479 1
0.878275 1.747194 1
5.383501 2.257766 1
3.085702 2.236655 1
0.829531 1.754050 1
5.347543 2.284512 1
3.064643 2.239010 1
0.838530 1.768094 1
5.374996 2.284992 1
3.131323 2.266975 1
0.895198 1.773411 1
5.434205 2.258380 1
3.209725 2.288219 1
0.935042 1.764535 1
5.457537 2.234955 1
3.210437 2.278873 1
0.912165 1.750754 1
5.418769 2.241811 1
3.132465 2.249536 1
0.852980 1.748231 1
5.361647 2.270828 1
3.064957 2.233414 1
0.825119 1.760169 1
5.351639 2.288842 1
3.084955 2.249312 1
0.859960 1.772083 1
5.400317 2.275693 1
3.169552 2.278893 1
0.918232 1.771143 1
5.451687 2.245869 1
3.222241 2.288182 1
0.933179 1.758306 1
5.447488 2.233716 1
3.182953 2.267081 1
0.887566 1.747595 1
5.392470 2.253210 1
3.096296 2.239189 1
0.833897 1.752165 1
5.349115 2.281692 1
3.061505 2.236514 1
0.833070 1.766235 1
5.367351 2.287047 1
3.118044 2.262328 1
0.886049 1.773557 1
5.426148 2.263066 1
3.201460 2.286770 1
0.932694 1.766541 1
5.458195 2.236862 1
3.216597 2.282176 1
0.919329 1.752448 1
5.427400 2.238746 1
3.146072 2.253917 1
0.861398 1.747505 1
5.368457 2.266363 1
3.070412 2.233835 1
0.825250 1.757960 1
5.348775 2.288000 1
3.076085 2.245257 1
0.851649 1.770943 1
5.391086 2.279454 1
3.156459 2.275059 1
0.910906 1.772235 1
5.446665 2.249985 1
3.219865 2.288906 1
0.935279 1.760519 1
5.452314 2.233419 1
3.194021 2.271510 1
0.896662 1.748379 1
5.401724 2.248872 1
3.108172 2.242346 1
0.839563 1.750511 1
5.352207 2.278304 1
3.060613 2.234721 1
0.828933 1.764205 1
5.360706 2.288380 1
3.105430 2.257645 1
0.876746 1.773356 1
5.417428 2.267695 1
3.191511 2.284605 1
0.928866 1.768369 1
5.457311 2.239464 1
3.220648 2.284900 1
0.925394 1.754364 1
5.435334 2.236317 1
3.159552 2.258496 1
0.870357 1.747167 1
5.376234 2.261747 1
3.077870 2.235034 1
0.826915 1.755805 1
5.347440 2.286420 1
3.069054 2.241656 1
0.844151 1.769518 1
5.382179 2.282695 1
3.142947 2.270828 1
0.902720 1.773011 1
5.440413 2.254421 1
3.215294 2.288865 1
0.935824 1.762713 1
5.455758 2.233913 1
3.203606 2.275646 1
0.905305 1.749521 1
5.411000 2.244875 1
3.120996 2.246034 1
0.846374 1.749142 1
5.356729 2.274440 1
3.061993 2.233682 1
0.826234 1.762059 1
5.355250 2.288958 1
3.093834 2.253061 1
0.867554 1.772812 1
5.408288 2.272135 1
3.180158 2.281781 1
0.923667 1.769974 1
5.454908 2.242684 1
3.222478 2.286970 1
0.930188 1.756443 1
5.442351 2.234594 1
3.172522 2.263143 1
0.879606 1.747227 1
5.384757 2.257106 1
3.087127 2.236976 1
0.830071 1.753768 1
5.347673 2.284147 1
3.064059 2.238612 1
0.837673 1.767841 1
5.373849 2.285328 1
3.129397 2.266317 1
0.893909 1.773453 1
5.433102 2.259049 1
3.208656 2.288057 1
0.934800 1.764831 1
5.457725 2.235183 1
3.211441 2.279378 1
0.913249 1.750980 1
5.420037 2.241337 1
3.134404 2.250146 1
0.854141 1.748104 1
5.362554 2.270204 1
3.065608 2.233426 1
0.825043 1.759852 1
5.351139 2.288768 1
3.083582 2.248708 1
0.858730 1.771939 1
5.398987 2.276259 1
3.167719 2.278373 1
0.917245 1.771318 1
5.451050 2.246433 1
3.222039 2.288332 1
0.933573 1.758621 1
5.448258 2.233626 1
3.184615 2.267728 1
0.888885 1.747684 1
5.393783 2.252573 1
3.097923 2.239605 1
0.834631 1.751912 1
5.349466 2.281240 1
3.061239 2.236213 1
0.832394 1.765954 1
5.366335 2.287283 1
3.116191 2.261657 1
0.884721 1.773549 1
5.424936 2.263735 1
3.200134 2.286503 1
0.932235 1.766814 1
5.458163 2.237193 1
3.217309 2.282603 1
0.920268 1.752710 1
5.428583 2.238358 1
3.148017 2.254563 1
0.862652 1.747433 1
5.369515 2.265709 1
3.071360 2.233960 1
0.825394 1.757647 1
5.348489 2.287818 1
3.074961 2.244711 1
0.850522 1.770756 1
5.389786 2.279952 1
3.154544 2.274476 1
0.909782 1.772366 1
5.445842 2.250603 1
3.219344 2.288947 1
0.935453 1.760835 1
5.452894 2.233442 1
3.195489 2.272122 1
0.897932 1.748521 1
5.403055 2.248276 1
3.109956 2.242844 1
0.840471 1.750296 1
5.352768 2.277779 1
3.060672 2.234525 1
0.828457 1.763904 1
5.359849 2.288509 1
3.103701 2.256980 1
0.875419 1.773299 1
5.416140 2.268345 1
3.189967 2.284240 1
0.928204 1.768613 1
5.457059 2.239888 1
3.221047 2.285238 1
0.926162 1.754653 1
5.436398 2.236026 1
3.161447 2.259160 1
0.871668 1.747151 1
5.377413 2.261081 1
3.079090 2.235268 1
0.827277 1.755505 1
5.347377 2.286136 1
3.068211 2.241184 1
0.843158 1.769292 1
5.380946 2.283111 1
3.141003 2.270197 1
0.901493 1.773095 1
5.439428 2.255074 1
3.306779 2.336600 2
1.041539 1.788229 2
5.579797 2.188961 2
3.402347 2.337197 2
1.034112 1.745330 2
5.515121 2.177063 2
3.214403 2.256988 2
0.858417 1.717496 2
5.325157 2.257318 2
2.944477 2.176925 2
0.710995 1.745482 2
5.218011 2.337353 2
2.892681 2.189170 2
0.747129 1.788337 2
5.313597 2.336432 2
3.111243 2.280423 2
0.930787 1.802582 2
5.505287 2.250560 2
3.363579 2.347077 2
1.061866 1.777504 2
5.581627 2.174635 2
3.373654 2.320093 2
0.993902 1.732831 2
5.464945 2.193409 2
3.129098 2.228393 2
0.802756 1.720330 2
5.276236 2.285621 2
2.898646 2.169358 2
0.700256 1.759070 2
5.225370 2.347175 2
2.933939 2.210915 2
0.792128 1.796452 2
5.369058 2.317776 2
3.196405 2.307575 2
0.984209 1.799025 2
5.546667 2.222090 2
3.397925 2.348966 2
1.063792 1.764884 2
5.565866 2.168958 2
3.321366 2.297015 2
0.942155 1.723184 2
5.407847 2.216770 2
3.045166 2.202778 2
0.755546 1.728207 2
5.240214 2.310764 2
2.877324 2.171069 2
0.707226 1.772235 2
5.250728 2.348944 2
2.996356 2.237934 2
0.846646 1.801469 2
5.427647 2.292641 2
3.275699 2.329297 2
1.027096 1.792194 2
5.573329 2.197769 2
3.406829 2.342538 2
1.047110 1.751318 2
5.533849 2.172532 2
3.250214 2.269768 2
0.884372 1.718041 2
5.349677 2.244478 2
2.971689 2.183133 2
0.721239 1.739695 2
5.220767 2.330628 2
2.882190 2.181777 2
0.731384 1.783875 2
5.291566 2.342172 2
3.073978 2.267419 2
0.905162 1.803034 2
5.483165 2.263727 2
3.340900 2.343484 2
1.055043 1.782539 2
5.583014 2.179982 2
3.389482 2.328498 2
1.013442 1.738129 2
5.488368 2.185170 2
3.167326 2.240902 2
0.826710 1.718393 2
5.296617 2.273305 2
2.916129 2.171581 2
0.702855 1.753017 2
5.219800 2.343769 2
2.912761 2.200481 2
0.770710 1.793208 2
5.343710 2.326973 2
3.158825 2.296038 2
0.961505 1.801027 2
5.529941 2.234374 2
3.385708 2.349184 2
1.065264 1.770661 2
5.574975 2.170353 2
3.347221 2.307887 2
0.966200 1.726995 2
5.433666 2.205695 2
3.081613 2.213564 2
0.775124 1.724169 2
5.254323 2.300157 2
2.883597 2.169166 2
0.701949 1.766529 2
5.237382 2.349195 2
2.966392 2.225464 2
0.821623 1.799654 2
5.401678 2.304437 2
3.241820 2.320495 2
1.009693 1.795602 2
5.563502 2.207872 2
3.406121 2.346377 2
1.056743 1.757376 2
5.549910 2.169797 2
3.283692 2.282220 2
0.910354 1.719681 2
5.375208 2.231855 2
3.002457 2.190948 2
0.734634 1.734267 2
5.227182 2.322576 2
2.876782 2.175966 2
0.718643 1.778957 2
5.271777 2.346240 2
3.038150 2.254245 2
0.879108 1.802780 2
5.459307 2.276809 2
3.314179 2.338208 2
1.044711 1.787134 2
5.580895 2.186943 2
3.400380 2.335606 2
1.030291 1.743831 2
5.509960 2.178497 2
3.204991 2.253710 2
0.851871 1.717536 2
5.319133 2.260592 2
2.938173 2.175614 2
0.708910 1.746995 2
5.217902 2.338843 2
2.896149 2.191292 2
0.751591 1.789395 2
5.319517 2.334710 2
3.120876 2.283674 2
0.937184 1.802354 2
5.510595 2.247226 2
3.368662 2.347721 2
1.063026 1.776157 2
5.580715 2.173542 2
3.368860 2.317756 2
0.988539 1.731564 2
5.458737 2.195739 2
3.119365 2.225287 2
0.796902 1.720988 2
5.271434 2.288668 2
2.894957 2.169085 2
0.700153 1.760604 2
5.227365 2.347791 2
2.940024 2.213750 2
0.797906 1.797183 2
5.375640 2.315219 2
3.205828 2.310351 2
0.989680 1.798410 2
5.550475 2.219082 2
3.400241 2.348646 2
1.062825 1.763377 2
5.563023 2.168894 2
3.314157 2.294103 2
0.935814 1.722351 2
5.401210 2.219742 2
3.036179 2.200210 2
0.750952 1.729357 2
5.237134 2.313306 2
2.876552 2.171841 2
0.709119 1.773644 2
5.254632 2.348611 2
3.004501 2.241202 2
0.853172 1.801823 2
5.434189 2.289503 2
3.283912 2.331306 2
1.031071 1.791234 2
5.575302 2.195394 2
3.406179 2.341316 2
1.044108 1.749780 2
5.529317 2.173519 2
3.241279 2.266531 2
0.877733 1.717796 2
5.343310 2.247741 2
2.964394 2.181393 2
0.718321 1.741142 2
5.219714 2.332472 2
2.884386 2.183516 2
0.735122 1.785058 2
5.296986 2.340866 2
3.083370 2.270762 2
0.911756 1.802986 2
5.488986 2.260367 2
3.347082 2.344560 2
1.057122 1.781295 2
5.582993 2.178462 2
3.385907 2.326475 2
1.008702 1.736734 2
5.482555 2.187127 2
3.157603 2.237673 2
0.820471 1.718786 2
5.291202 2.276492 2
2.911227 2.170841 2
0.701861 1.754562 2
5.220874 2.344785 2
2.917738 2.203029 2
0.775966 1.794091 2
5.350082 2.324761 2
3.168470 2.299068 2
0.967465 1.800580 2
5.534466 2.231178 2
3.389290 2.349286 2
1.065241 1.769212 2
5.572968 2.169825 2
3.341014 2.305205 2
0.960214 1.725946 2
5.427136 2.208421 2
3.072168 2.210716 2
0.769910 1.725122 2
5.250429 2.302952 2
2.881510 2.169479 2
0.702966 1.768007 2
5.240477 2.349289 2
2.973709 2.228581 2
0.827897 1.800180 2
5.408325 2.301517 2
3.250684 2.322873 2
1.014391 1.794789 2
5.566318 2.205184 2
3.406795 2.345545 2
1.054619 1.755833 2
5.546086 2.170321 2
3.275420 2.279091 2
0.903759 1.719162 2
5.368635 2.235035 2
2.994309 2.188812 2
0.730932 1.735608 2
5.225205 2.324748 2
2.877671 2.177291 2
0.721592 1.780251 2
5.276584 2.345364 2
3.047103 2.257602 2
0.885759 1.802912 2
5.465527 2.273500 2
3.321347 2.339710 2
1.047668 1.786008 2
5.581767 2.185022 2
3.398081 2.333923 2
1.026272 1.742348 2
5.504654 2.180041 2
3.195491 2.250433 2
0.845371 1.717649 2
5.313217 2.263856 2
2.932141 2.174417 2
0.707043 1.748519 2
5.218033 2.340239 2
2.899932 2.193506 2
0.756225 1.790418 2
5.325545 2.332884 2
3.130538 2.286888 2
0.943508 1.802082 2
5.515756 2.243912 2
3.373450 2.348255 2
1.063947 1.774788 2
5.579578 2.172562 2
3.363768 2.315345 2
0.983034 1.730336 2
5.452446 2.198157 2
3.109664 2.222225 2
0.791164 1.721710 2
5.266806 2.291670 2
2.891587 2.168931 2
0.700278 1.762129 2
5.229590 2.348303 2
2.946374 2.216651 2
0.803800 1.797873 2
5.382252 2.312580 2
3.215161 2.313054 2
0.995007 1.797754 2
5.554088 2.216132 2
3.402226 2.348220 2
1.061620 1.761859 2
5.559974 2.168950 2
3.306713 2.291141 2
0.929405 1.721578 2
5.394569 2.222765 2
3.027340 2.197722 2
0.746530 1.730550 2
5.234271 2.315777 2
2.876117 2.172728 2
0.711231 1.775032 2
5.258730 2.348168 2
3.012831 2.244498 2
0.859741 1.802133 2
5.440683 2.286321 2
3.291932 2.333215 2
1.034848 1.790239 2
5.577054 2.193106 2
3.405191 2.339998 2
1.040891 1.748248 2
5.524616 2.174621 2
3.232205 2.263278 2
0.871104 1.717624 2
5.337018 2.251014 2
2.957339 2.179759 2
0.715611 1.742610 2
5.218901 2.334228 2
2.886911 2.185355 2
0.739051 1.786210 2
5.302544 2.339452 2
3.092843 2.274088 2
0.918312 1.802892 2
5.494686 2.257007 2
3.352993 2.345527 2
1.058970 1.780023 2
5.582744 2.177048 2
3.382016 2.324369 2
1.003794 1.735368 2
5.476630 2.189184 2
3.147857 2.234469 2
0.814318 1.719249 2
5.285933 2.279648 2
2.906627 2.170219 2
0.701094 1.756106 2
5.222185 2.345700 2
2.923007 2.205655 2
0.781365 1.794936 2
5.356520 2.322458 2
3.178078 2.302039 2
0.973311 1.800090 2
5.538815 2.228025 2
3.392554 2.349280 2
1.064977 1.767746 2
5.570744 2.169415 2
3.334541 2.302460 2
0.954125 1.724949 2
5.420565 2.211216 2
3.062821 2.207933 2
0.764846 1.726129 2
5.246736 2.305685 2
2.879756 2.169910 2
0.704208 1.769471 2
5.243784 2.349276 2
2.981251 2.231742 2
0.834247 1.800663 2
5.414958 2.298535 2
3.259398 2.325160 2
1.018914 1.793937 2
5.568923 2.202571 2
3.407131 2.344612 2
1.052267 1.754288 2
5.542075 2.170964 2
3.266962 2.275929 2
0.897140 1.718711 2
5.362101 2.238244 2
2.986364 2.186773 2
0.727425 1.736980 2
5.223461 2.326840 2
2.878896 2.178724 2
0.724747 1.781518 2
5.281558 2.344377 2
3.056186 2.260963 2
0.892408 1.802998 2
5.471657 2.270170 2
3.328276 2.341105 2
1.050406 1.784851 2
5.582413 2.183200 2
3.395453 2.332152 2
1.022061 1.740884 2
5.499209 2.181694 2
3.185913 2.247162 2
0.838925 1.717835 2
5.307418 2.267106 2
2.926388 2.173335 2
0.705396 1.750052 2
5.218406 2.341540 2
2.904026 2.195809 2
0.761027 1.791407 2
5.331673 2.330957 2
3.140216 2.290063 2
0.949752 1.801764 2
5.520763 2.240621 2
3.377938 2.348678 2
1.064629 1.773396 2
5.578217 2.171696 2
3.358382 2.312861 2
0.977395 1.729150 2
5.446083 2.200659 2
3.100009 2.219211 2
0.785550 1.722494 2
5.262357 2.294623 2
2.888539 2.168897 2
0.700631 1.763645 2
5.232041 2.348710 2
2.952983 2.219612 2
0.809802 1.798522 2
5.388887 2.309864 2
3.224393 2.315678 2
1.000183 1.797056 2
5.557503 2.213243 2
3.403880 2.347689 2
1.060178 1.760332 2
5.556722 2.169125 2
3.299043 2.288131 2
0.922935 1.720867 2
5.387931 2.225835 2
3.018661 2.195320 2
0.742285 1.731785 2
5.231629 2.318176 2
2.876020 2.173728 2
0.713561 1.776398 2
5.263018 2.347615 2
3.021337 2.247816 2
0.866344 1.802398 2
5.447119 2.283100 2
3.299749 2.335023 2
1.038422 1.789210 2
5.578583 2.190909 2
3.403867 2.338585 2
1.037462 1.746726 2
5.519752 2.175838 2
3.223003 2.260012 2
0.864495 1.717524 2
5.330810 2.254292 2
2.950534 2.178235 2
0.713113 1.744096 2
5.218327 2.335895 2
2.889762 2.187294 2
0.743166 1.787331 2
5.308233 2.337931 2
3.102383 2.277394 2
0.924823 1.802752 2
5.500259 2.253651 2
3.358627 2.346384 2
1.060584 1.778725 2
5.582268 2.175743 2
3.377811 2.322182 2
0.998723 1.734033 2
5.470600 2.191337 2
3.138103 2.231295 2
0.808260 1.719780 2
5.280818 2.282771 2
2.902334 2.169717 2
0.700553 1.757649 2
5.223733 2.346514 2
2.928561 2.208357 2
0.786900 1.795742 2
5.363016 2.320064 2
3.187635 2.304948 2
0.979036 1.799556 2
5.542983 2.224917 2
3.395496 2.349166 2
1.064472 1.766265 2
5.568306 2.169123 2
3.327808 2.299656 2
0.947942 1.724005 2
5.413964 2.214076 2
3.053586 2.205219 2
0.759937 1.727187 2
5.243249 2.308356 2
2.878337 2.170459 2
0.705674 1.770917 2
5.247300 2.349154 2
2.989009 2.234944 2
0.840665 1.801102 2
5.421569 2.295496 2
3.267952 2.327355 2
1.023254 1.793048 2
5.571313 2.200037 2
3.407130 2.343579 2
1.049689 1.752743 2
5.537881 2.171725 2
3.258331 2.272738 2
0.890506 1.718330 2
5.355615 2.241476 2
2.978632 2.184833 2
0.724116 1.738380 2
5.221951 2.328848 2
2.880455 2.180263 2
0.728106 1.782757 2
5.286690 2.343281 2
3.065387 2.264323 2
0.899048 1.803038 2
5.477688 2.266826 2
3.334957 2.342392 2
1.052921 1.783662 2
5.582830 2.181479 2
3.392499 2.330292 2
1.017664 1.739441 2
5.493631 2.183452 2
3.176273 2.243900 2
0.832542 1.718092 2
5.301742 2.270339 2
2.920920 2.172369 2
0.703972 1.751591 2
5.219020 2.342744 2
2.908427 2.198199 2
0.765989 1.792360 2
5.337892 2.328930 2
3.149895 2.293192 2
0.955907 1.801401 2
5.525611 2.237358 2
3.382120 2.348992 2
1.065070 1.771984 2
5.576633 2.170944 2
3.352709 2.310307 2
0.971630 1.728008 2
5.439654 2.203242 2
3.090412 2.216249 2
0.780066 1.723338 2
5.258092 2.297525 2
2.885818 2.168982 2
0.701211 1.765150 2
5.234716 2.349011 2
2.959842 2.222630 2
0.815905 1.799130 2
5.395534 2.307075 2
3.233511 2.318221 2
1.005203 1.796319 2
5.560717 2.210419 2
3.405200 2.347055 2
1.058500 1.758798 2
5.553271 2.169419 2
3.291158 2.285077 2
0.916414 1.720220 2
5.381307 2.228947 2
3.010153 2.193005 2
0.738222 1.733059 2
5.229212 2.320499 2
2.876260 2.174840 2
0.716105 1.777740 2
5.267489 2.346951 2
3.030007 2.251152 2
0.872972 1.802618 2
5.453490 2.279843 2
3.307353 2.336727 2
1.041789 1.788146 2
5.579889 2.188803 2
3.402208 2.337079 2
1.033827 1.745215 2
5.514732 2.177169 2
3.213687 2.256738 2
0.857915 1.717497 2
5.324693 2.257569 2
2.943986 2.176820 2
0.710828 1.745597 2
5.217994 2.337470 2
2.892935 2.189329 2
0.747464 1.788419 2
5.314046 2.336304 2
3.111978 2.280673 2
0.931278 1.802566 2
5.505698 2.250304 2
3.363978 2.347130 2
1.061963 1.777402 2
5.581565 2.174547 2
3.373298 2.319917 2
0.993497 1.732732 2
5.464474 2.193584 2
3.128353 2.228154 2
0.802305 1.720378 2
5.275863 2.285856 2
2.898353 2.169333 2
0.700240 1.759188 2
5.225514 2.347226 2
2.934394 2.211129 2
0.792565 1.796510 2
5.369560 2.317584 2
3.197128 2.307790 2
0.984632 1.798980 2
5.546965 2.221859 2
3.398114 2.348945 2
1.063727 1.764769 2
5.565657 2.168949 2
3.320823 2.296794 2
0.941673 1.723118 2
5.407340 2.216995 2
3.044474 2.202579 2
0.755189 1.728293 2
5.239971 2.310961 2
2.877253 2.171124 2
0.707363 1.772344 2
5.251020 2.348923 2
2.996972 2.238183 2
0.847143 1.801498 2
5.428149 2.292403 2
3.276333 2.329454 2
1.027407 1.792122 2
5.573488 2.197584 2
3.406792 2.342448 2
1.046888 1.751200 2
5.533509 2.172603 2
3.249536 2.269521 2
0.883864 1.718020 2
5.349188 2.244727 2
2.971123 2.182996 2
0.721008 1.739805 2
5.220678 2.330772 2
2.882346 2.181906 2
0.731663 1.783967 2
5.291975 2.342076 2
3.074693 2.267675 2
0.905667 1.803032 2
5.483614 2.263471 2
3.091405 2.281226 3
0.935759 1.813706 3
5.524729 2.251982 3
3.414039 2.367585 3
1.109281 1.785750 3
5.630806 2.153779 3
3.447253 2.340454 3
1.039487 1.730565 3
5.499378 2.168933 3
3.155870 2.229632 3
0.801426 1.708389 3
5.258726 2.281984 3
2.848551 2.146408 3
0.654286 1.754749 3
5.169865 2.365245 3
2.853860 2.185095 3
0.742819 1.802593 3
5.328619 2.343569 3
3.163675 2.305115 3
0.982908 1.811656 3
5.562756 2.227318 3
3.449271 2.371191 3
1.116461 1.776034 3
5.622972 2.146417 3
3.410924 2.323356 3
0.999029 1.720891 3
5.453039 2.186505 3
3.083008 2.206370 3
0.757794 1.713543 3
5.222464 2.304368 3
2.820381 2.143995 3
0.652377 1.765971 3
5.183314 2.370365 3
2.896739 2.205492 3
0.784658 1.808043 3
5.377473 2.325492 3
3.234853 2.326535 3
1.025469 1.807798 3
5.593337 2.204348 3
3.471030 2.370203 3
1.113160 1.765395 3
5.605663 2.143994 3
3.362258 2.303248 3
0.953251 1.713201 3
5.403940 2.207542 3
3.013117 2.185488 3
0.720055 1.721355 3
5.194369 2.324332 3
2.806246 2.146683 3
0.660225 1.776569 3
5.206554 2.371118 3
2.950830 2.228580 3
0.831279 1.811809 3
5.427216 2.303912 3
3.301463 2.344404 3
1.061471 1.802263 3
5.615349 2.184117 3
3.478604 2.364861 3
1.099497 1.754151 3
5.579461 2.146677 3
3.303120 2.280759 3
0.904360 1.708203 3
5.354375 2.230894 3
2.949618 2.168125 3
0.689688 1.731112 3
5.175652 2.341259 3
2.806532 2.154297 3
0.677610 1.786229 3
5.238611 2.367266 3
3.013928 2.253299 3
0.880560 1.813761 3
5.475462 2.279929 3
3.360416 2.357976 3
1.089311 1.795207 3
5.628059 2.167440 3
3.471729 2.355434 3
1.076013 1.742747 3
5.545282 2.154476 3
3.236058 2.256764 3
0.854729 1.706403 3
5.306735 2.255248 3
2.895390 2.155127 3
0.667796 1.742045 3
5.167078 2.354719 3
2.821190 2.166536 3
0.703980 1.794722 3
5.278085 2.358667 3
3.083215 2.278389 3
0.930163 1.813821 3
5.519961 2.254861 3
3.409192 2.366870 3
1.107799 1.786793 3
5.631084 2.154926 3
3.450568 2.342200 3
1.043694 1.731765 3
5.504417 2.167183 3
3.164243 2.232392 3
0.806722 1.707994 3
5.263332 2.279301 3
2.852641 2.147013 3
0.655127 1.753442 3
5.168979 2.364391 3
2.849739 2.182969 3
0.738414 1.801867 3
5.323184 2.345378 3
3.155382 2.302479 3
0.977698 1.811985 3
5.558751 2.230080 3
3.445899 2.371015 3
1.116168 1.777199 3
5.624358 2.147015 3
3.415741 2.325478 3
1.003974 1.721913 3
5.458530 2.184296 3
3.091275 2.208939 3
0.762527 1.712806 3
5.226232 2.301912 3
2.822909 2.144011 3
0.652100 1.764710 3
5.181262 2.369995 3
2.891222 2.203001 3
0.779585 1.807501 3
5.371784 2.327759 3
3.226865 2.324243 3
1.020891 1.808328 3
5.590250 2.206858 3
3.469246 2.370542 3
1.114070 1.766652 3
5.608112 2.144014 3
3.368407 2.305687 3
0.958698 1.713958 3
5.409635 2.204990 3
3.020862 2.187722 3
0.724030 1.720347 3
5.197131 2.322189 3
2.807138 2.146120 3
0.658835 1.775397 3
5.203422 2.371262 3
2.944127 2.225829 3
0.825759 1.811468 3
5.421548 2.306530 3
3.294165 2.342564 3
1.057733 1.802978 3
5.613288 2.186268 3
3.478468 2.365685 3
1.101575 1.755457 3
5.582888 2.146108 3
3.310353 2.283431 3
0.910045 1.708621 3
5.360002 2.228142 3
2.956472 2.169906 3
0.692755 1.729920 3
5.177292 2.339488 3
2.805766 2.153183 3
0.675148 1.785177 3
5.234531 2.367947 3
3.006325 2.250422 3
0.874851 1.813633 3
5.470083 2.282758 3
3.354135 2.356654 3
1.086577 1.796088 3
5.627089 2.169150 3
3.473248 2.356713 3
1.079174 1.744045 3
5.549566 2.153327 3
3.244048 2.259556 3
0.860377 1.706438 3
5.312021 2.252449 3
2.901057 2.156375 3
0.669848 1.740757 3
5.167532 2.353364 3
2.818793 2.164911 3
0.700528 1.793814 3
5.273239 2.359894 3
3.075064 2.275538 3
0.924539 1.813911 3
5.515118 2.257745 3
3.404184 2.366093 3
1.106183 1.787820 3
5.631234 2.156134 3
3.453702 2.343900 3
1.047804 1.732981 3
5.509389 2.165491 3
3.172601 2.235163 3
0.812069 1.707642 3
5.268022 2.276598 3
2.856902 2.147686 3
0.656094 1.752133 3
5.168229 2.363484 3
2.845789 2.180891 3
0.734097 1.801122 3
5.317796 2.347131 3
3.147079 2.299813 3
0.972430 1.812290 3
5.554650 2.232863 3
3.442351 2.370778 3
1.115737 1.778352 3
5.625618 2.147677 3
3.420393 2.327559 3
1.008845 1.722960 3
5.463981 2.182135 3
3.099576 2.211537 3
0.767334 1.712104 3
5.230106 2.299425 3
2.825621 2.144094 3
0.651951 1.763441 3
5.179340 2.369568 3
2.885855 2.200546 3
0.774577 1.806937 3
5.366111 2.329978 3
3.218822 2.321906 3
1.016229 1.808835 3
5.587051 2.209404 3
3.467277 2.370823 3
1.114843 1.767900 3
5.610442 2.144102 3
3.374415 2.308093 3
0.964101 1.714749 3
5.415319 2.202471 3
3.028687 2.190000 3
0.728100 1.719365 3
5.200016 2.320006 3
2.808219 2.145623 3
0.657571 1.774213 3
5.200407 2.371345 3
2.937548 2.223102 3
0.820278 1.811102 3
5.415863 2.309115 3
3.286770 2.340667 3
1.053890 1.803672 3
5.611105 2.188465 3
3.478141 2.366456 3
1.103522 1.756761 3
5.586209 2.145607 3
3.317477 2.286082 3
0.915717 1.709080 3
5.365651 2.225405 3
2.963446 2.171744 3
0.695933 1.728745 3
5.179066 2.337673 3
2.805189 2.152130 3
0.672806 1.784111 3
5.230551 2.368565 3
2.998809 2.247553 3
0.869150 1.813479 3
5.464658 2.285571 3
3.347723 2.355270 3
1.083720 1.796950 3
5.625993 2.170914 3
3.474579 2.357941 3
1.082218 1.745347 3
5.553759 2.152244 3
3.251971 2.262341 3
0.866044 1.706517 3
5.317360 2.249647 3
2.906873 2.157688 3
0.672021 1.739475 3
5.168123 2.351958 3
2.816579 2.163343 3
0.697184 1.792889 3
5.268471 2.361058 3
3.066956 2.272677 3
0.918892 1.813976 3
5.510202 2.260630 3
3.399021 2.365253 3
1.104434 1.788832 3
5.631255 2.157401 3
3.456655 2.345554 3
1.051814 1.734210 3
5.514292 2.163858 3
3.180938 2.237945 3
0.817463 1.707333 3
5.272792 2.273878 3
2.861334 2.148425 3
0.657189 1.750822 3
5.167616 2.362524 3
2.842011 2.178861 3
0.729872 1.800358 3
5.312458 2.348825 3
3.138773 2.297118 3
0.967108 1.812570 3
5.550454 2.235665 3
3.438628 2.370480 3
1.115168 1.779492 3
5.626753 2.148403 3
3.424879 2.329599 3
1.013640 1.724031 3
5.469390 2.180023 3
3.107905 2.214162 3
0.772215 1.711440 3
5.234083 2.296908 3
2.828516 2.144244 3
0.651931 1.762165 3
5.177549 2.369084 3
2.880641 2.198130 3
0.769638 1.806352 3
5.360457 2.332148 3
3.210729 2.319524 3
1.011485 1.809321 3
5.583743 2.211983 3
3.465123 2.371047 3
1.115479 1.769139 3
5.612653 2.144256 3
3.380278 2.310466 3
0.969456 1.715574 3
5.420991 2.199986 3
3.036586 2.192322 3
0.732264 1.718412 3
5.203021 2.317785 3
2.809489 2.145191 3
0.656434 1.773018 3
5.197512 2.371368 3
2.931094 2.220400 3
0.814839 1.810714 3
5.410166 2.311664 3
3.279283 2.338716 3
1.049943 1.804345 3
5.608802 2.190707 3
3.477625 2.367172 3
1.105338 1.758060 3
5.589422 2.145174 3
3.324487 2.288709 3
0.921372 1.709580 3
5.371318 2.222685 3
2.970533 2.173637 3
0.699219 1.727587 3
5.180971 2.335812 3
2.804802 2.151140 3
0.670585 1.783030 3
5.226674 2.369122 3
2.991384 2.244692 3
0.863461 1.813301 3
5.459190 2.288366 3
3.341184 2.353826 3
1.080744 1.797794 3
5.624770 2.172730 3
3.475721 2.359118 3
1.085141 1.746652 3
5.557859 2.151226 3
3.259820 2.265117 3
0.871725 1.706642 3
5.322748 2.246846 3
2.912834 2.159063 3
0.674313 1.738201 3
5.168852 2.350504 3
2.814551 2.161831 3
0.693950 1.791946 3
5.263782 2.362160 3
3.058896 2.269806 3
0.913224 1.814016 3
5.505216 2.263515 3
3.393703 2.364350 3
1.102555 1.789828 3
5.631147 2.158728 3
3.459425 2.347161 3
1.055721 1.735451 3
5.519123 2.162285 3
3.189249 2.240734 3
0.822901 1.707068 3
5.277640 2.271142 3
2.865933 2.149232 3
0.658409 1.749512 3
5.167141 2.361511 3
2.838407 2.176880 3
0.725740 1.799573 3
5.307173 2.350461 3
3.130468 2.294396 3
0.961736 1.812826 3
5.546167 2.238484 3
3.434733 2.370121 3
1.114462 1.780618 3
5.627762 2.149194 3
3.429195 2.331597 3
1.018356 1.725125 3
5.474752 2.177960 3
3.116257 2.216814 3
0.777165 1.710813 3
5.238161 2.294363 3
2.831592 2.144462 3
0.652039 1.760882 3
5.175891 2.368544 3
2.875584 2.195754 3
0.764771 1.805745 3
5.354825 2.334267 3
3.202591 2.317099 3
1.006664 1.809783 3
5.580325 2.214594 3
3.462785 2.371212 3
1.115976 1.770368 3
5.614743 2.144478 3
3.385993 2.312804 3
0.974759 1.716431 3
5.426645 2.197537 3
3.044555 2.194686 3
0.736518 1.717487 3
5.206145 2.315526 3
2.810948 2.144825 3
0.655424 1.771811 3
5.194739 2.371332 3
2.924771 2.217725 3
0.809445 1.810301 3
5.404459 2.314175 3
3.271707 2.336711 3
1.045895 1.804998 3
5.606379 2.192992 3
3.476920 2.367833 3
1.107021 1.759355 3
5.592525 2.144808 3
3.331380 2.291313 3
0.927006 1.710121 3
5.376999 2.219985 3
2.977732 2.175585 3
0.702613 1.726448 3
5.183008 2.333908 3
2.804605 2.150211 3
0.668484 1.781934 3
5.222902 2.369616 3
2.984054 2.241842 3
0.857787 1.813098 3
5.453683 2.291140 3
3.334520 2.352321 3
1.077649 1.798620 3
5.623420 2.174600 3
3.476673 2.360244 3
1.087943 1.747960 3
5.561865 2.150274 3
3.267591 2.267883 3
0.877416 1.706811 3
5.328181 2.244046 3
2.918938 2.160502 3
0.676723 1.736936 3
5.169718 2.349002 3
2.812708 2.160376 3
0.690827 1.790986 3
5.259176 2.363200 3
3.050890 2.266929 3
0.907540 1.814030 3
5.500163 2.266398 3
3.388233 2.363385 3
1.100544 1.790807 3
5.630911 2.160114 3
3.462012 2.348720 3
1.059523 1.736704 3
5.523880 2.160774 3
3.197527 2.243530 3
0.828380 1.706846 3
5.282561 2.268391 3
2.870697 2.150105 3
0.659755 1.748202 3
5.166804 2.360446 3
2.834978 2.174950 3
0.721704 1.798770 3
5.301943 2.352037 3
3.122171 2.291649 3
0.956316 1.813058 3
5.541790 2.241318 3
3.430667 2.369700 3
1.113620 1.781730 3
5.628644 2.150047 3
3.433340 2.333552 3
1.022990 1.726240 3
5.480065 2.175950 3
3.124626 2.219489 3
0.782183 1.710225 3
5.242337 2.291790 3
2.834848 2.144748 3
0.652276 1.759593 3
5.174365 2.367949 3
2.870685 2.193418 3
0.759979 1.805117 3
5.349219 2.336335 3
3.194413 2.314634 3
1.001767 1.810223 3
5.576801 2.217235 3
3.460263 2.371319 3
1.116336 1.771588 3
5.616713 2.144765 3
3.391557 2.315106 3
0.980008 1.717320 3
5.432280 2.195126 3
3.052589 2.197089 3
0.740862 1.716593 3
5.209386 2.313231 3
2.812595 2.144526 3
0.654541 1.770594 3
5.192088 2.371236 3
2.918580 2.215079 3
0.804099 1.809866 3
5.398747 2.316648 3
3.264049 2.334653 3
1.041749 1.805631 3
5.603837 2.195320 3
3.476025 2.368439 3
1.108571 1.760645 3
5.595516 2.144510 3
3.338152 2.293890 3
0.932617 1.710702 3
5.382692 2.217305 3
2.985036 2.177586 3
0.706112 1.725329 3
5.185174 2.331961 3
2.804598 2.149346 3
0.666507 1.780824 3
5.219237 2.370048 3
2.976824 2.239006 3
0.852131 1.812871 3
5.448139 2.293891 3
3.327737 2.350756 3
1.074438 1.799427 3
5.621945 2.176520 3
3.477436 2.361319 3
1.090622 1.749270 3
5.565774 2.149388 3
3.275279 2.270636 3
0.883116 1.707024 3
5.333657 2.241249 3
2.925181 2.162002 3
0.679251 1.735681 3
5.170721 2.347452 3
2.811052 2.158979 3
0.687816 1.790010 3
5.254656 2.364177 3
3.042943 2.264047 3
0.901843 1.814020 3
5.495046 2.269276 3
3.382615 2.362357 3
1.098404 1.791770 3
5.630546 2.161558 3
3.464415 2.350231 3
1.063219 1.737967 3
5.528560 2.159324 3
3.205768 2.246329 3
0.833896 1.706669 3
5.287554 2.265628 3
2.875625 2.151045 3
0.661226 1.746893 3
5.166604 2.359330 3
2.831726 2.173071 3
0.717766 1.797948 3
5.296774 2.353553 3
3.113886 2.288879 3
0.950852 1.813266 3
5.537326 2.244166 3
3.426432 2.369217 3
1.112640 1.782829 3
5.629398 2.150964 3
3.437313 2.335464 3
1.027539 1.727375 3
5.485325 2.173992 3
3.133006 2.222186 3
0.787265 1.709677 3
5.246610 2.289191 3
2.838284 2.145101 3
0.652641 1.758299 3
5.172974 2.367298 3
2.865946 2.191125 3
0.755263 1.804467 3
5.343643 2.338350 3
3.186201 2.312129 3
0.996799 1.810639 3
5.573172 2.219905 3
3.457559 2.371366 3
1.116558 1.772796 3
5.618560 2.145119 3
3.396969 2.317371 3
0.985198 1.718239 3
5.437890 2.192755 3
3.060682 2.199531 3
0.745292 1.715730 3
5.212742 2.310900 3
2.814430 2.144292 3
0.653786 1.769366 3
5.189561 2.371082 3
2.912527 2.212462 3
0.798805 1.809408 3
5.393033 2.319080 3
3.256311 2.332542 3
1.037506 1.806241 3
5.601177 2.197689 3
3.474941 2.368989 3
1.109987 1.761928 3
5.598396 2.144279 3
3.344799 2.296441 3
0.938199 1.711321 3
5.388391 2.214649 3
2.992442 2.179639 3
0.709715 1.724231 3
5.187468 2.329970 3
2.804781 2.148544 3
0.664652 1.779700 3
5.215681 2.370419 3
2.969698 2.236184 3
0.846498 1.812619 3
5.442562 2.296618 3
3.320837 2.349131 3
1.071111 1.800214 3
5.620344 2.178492 3
3.478009 2.362341 3
1.093176 1.750581 3
5.569585 2.148569 3
3.122750 2.202571 4
0.742142 1.687760 4
5.171153 2.301938 4
2.697089 2.089973 4
0.543208 1.759824 4
5.047907 2.408900 4
2.700207 2.140341 4
0.655851 1.820814 4
5.262721 2.389664 4
3.123905 2.308733 4
0.997573 1.836624 4
5.609336 2.229036 4
3.566212 2.416624 4
1.230971 1.799103 4
5.742460 2.099558 4
3.600562 2.376322 4
1.130152 1.724420 4
5.562171 2.119690 4
3.196196 2.226616 4
0.787812 1.683661 4
5.211701 2.279501 4
2.733038 2.095664 4
0.552712 1.748961 4
5.043999 2.401078 4
2.672045 2.124741 4
0.622580 1.814865 4
5.218002 2.401521 4
3.051915 2.284248 4
0.949041 1.837851 4
5.569148 2.253898 4
3.525808 2.411627 4
1.217289 1.806680 4
5.743104 2.109329 4
3.623809 2.388795 4
1.163483 1.735498 4
5.602672 2.106868 4
3.268249 2.250870 4
0.835902 1.682076 4
5.256116 2.255902 4
2.777163 2.104591 4
0.568074 1.737835 4
5.046753 2.391138 4
2.652420 2.111717 4
0.594556 1.808172 4
5.177023 2.410204 4
2.982105 2.259154 4
0.899270 1.837968 4
5.525131 2.279026 4
3.477687 2.403597 4
1.197253 1.813526 4
5.737757 2.121801 4
3.638335 2.399173 4
1.191204 1.746648 4
5.638845 2.097262 4
3.337132 2.274646 4
0.885415 1.683115 4
5.303440 2.231694 4
2.828965 2.116747 4
0.589155 1.726714 4
5.056149 2.379103 4
2.641469 2.101374 4
0.572102 1.800748 4
5.140581 2.415821 4
2.916080 2.234180 4
0.849389 1.836971 4
5.478130 2.303700 4
3.422488 2.392407 4
1.171152 1.819632 4
5.726436 2.136872 4
3.644086 2.407441 4
1.212879 1.757585 4
5.670171 2.090898 4
3.401280 2.297365 4
0.935259 1.686706 4
5.352600 2.207545 4
2.887703 2.132024 4
0.615744 1.715942 4
5.072079 2.364975 4
2.639266 2.093801 4
0.555431 1.792596 4
5.109329 2.418551 4
2.855224 2.209990 4
0.800531 1.834896 4
5.429129 2.327180 4
3.361093 2.378038 4
1.139387 1.824973 4
5.709214 2.154408 4
3.641058 2.413551 4
1.228201 1.768099 4
5.696253 2.087727 4
3.459404 2.318585 4
0.984294 1.692608 4
5.402460 2.184186 4
2.952355 2.150174 4
0.647544 1.705929 4
5.094337 2.348765 4
2.645843 2.089087 4
0.544670 1.783726 4
5.083783 2.418598 4
2.800657 2.187146 4
0.753771 1.831814 4
5.379210 2.348770 4
3.294650 2.360620 4
1.102488 1.829503 4
5.686226 2.174218 4
3.629287 2.417413 4
1.236975 1.778045 4
5.716803 2.087665 4
3.510511 2.338007 4
1.031388 1.700450 4
5.451885 2.162339 4
3.021608 2.170794 4
0.684149 1.697129 4
5.122607 2.330520 4
2.661193 2.087324 4
0.539886 1.774168 4
5.064335 2.416156 4
2.753238 2.166091 4
0.710081 1.827804 4
5.329507 2.367890 4
3.224563 2.340459 4
1.061121 1.833154 4
5.657692 2.196030 4
3.608852 2.418888 4
1.239102 1.787335 4
5.731619 2.090612 4
3.553884 2.355453 4
1.075478 1.709788 4
5.499788 2.142641 4
3.093870 2.193325 4
0.725025 1.690008 4
5.156439 2.310356 4
2.685256 2.088610 4
0.541094 1.763983 4
5.051262 2.411387 4
2.713586 2.147157 4
0.670291 1.822945 4
5.281148 2.384123 4
3.152457 2.318041 4
1.016096 1.835846 4
5.623948 2.219468 4
3.579897 2.417799 4
1.234569 1.795921 4
5.740567 2.096473 4
3.589045 2.370838 4
1.115617 1.720155 4
5.545184 2.125593 4
3.167351 2.217086 4
0.769497 1.684986 4
5.195232 2.288496 4
2.717892 2.093040 4
0.548267 1.753280 4
5.044744 2.404411 4
2.682121 2.130581 4
0.635071 1.817296 4
5.235205 2.397235 4
3.080084 2.293999 4
0.968352 1.837499 4
5.585464 2.244043 4
3.542660 2.413946 4
1.223444 1.803785 4
5.743565 2.105156 4
3.615695 2.384135 4
1.151005 1.731111 4
5.587214 2.111535 4
3.240173 2.241344 4
0.816747 1.682389 4
5.238232 2.265297 4
2.758847 2.100690 4
0.561336 1.742230 4
5.044873 2.395301 4
2.659115 2.116528 4
0.604936 1.810894 4
5.192652 2.407160 4
3.009214 2.269056 4
0.918935 1.838056 4
5.542862 2.269149 4
3.497512 2.407129 4
1.205881 1.810919 4
5.740576 2.116576 4
3.633663 2.395339 4
1.180994 1.742271 4
5.625160 2.100656 4
3.310504 2.265385 4
0.865826 1.682393 4
5.284533 2.241254 4
2.807702 2.111582 4
0.580187 1.731070 4
5.051663 2.384090 4
2.644738 2.105118 4
0.580259 1.803757 4
5.154338 2.413966 4
2.941521 2.243950 4
0.868961 1.837495 4
5.496925 2.294091 4
3.445008 2.397193 4
1.182126 1.817319 4
5.731601 2.130638 4
3.642871 2.404441 4
1.205092 1.753321 4
5.658448 2.093018 4
3.376686 2.288580 4
0.915674 1.685000 4
5.333104 2.216997 4
2.863815 2.125651 4
0.604638 1.720115 4
5.065040 2.370785 4
2.639086 2.096446 4
0.561293 1.795891 4
5.120974 2.417808 4
2.878481 2.219379 4
0.819568 1.835838 4
5.448587 2.318127 4
3.385930 2.384069 4
1.152535 1.822965 4
5.716690 2.147223 4
3.643296 2.411409 4
1.222943 1.764022 4
5.686634 2.088599 4
3.437316 2.310434 4
0.965164 1.690030 4
5.382825 2.193239 4
2.926280 2.142709 4
0.634429 1.709751 4
5.084839 2.355392 4
2.642206 2.090596 4
0.548195 1.787301 4
5.093129 2.418887 4
2.821323 2.195946 4
0.771860 1.833142 4
5.398895 2.340538 4
3.321319 2.367824 4
1.117584 1.827821 4
5.695950 2.166165 4
3.634959 2.416169 4
1.234312 1.774205 4
5.709390 2.087325 4
3.491284 2.330591 4
1.013154 1.697159 4
5.432555 2.170714 4
2.993898 2.162416 4
0.669200 1.700418 4
5.110789 2.337938 4
2.654107 2.087659 4
0.541054 1.778009 4
5.071242 2.417403 4
2.771004 2.174141 4
0.726854 1.829488 4
5.348971 2.360690 4
3.252483 2.348694 4
1.077887 1.831827 4
5.669566 2.187227 4
3.617921 2.418603 4
1.239061 1.783760 4
5.726482 2.089099 4
3.537771 2.348829 4
1.058547 1.705964 4
5.481181 2.150102 4
3.065180 2.184271 4
0.708467 1.692582 4
5.142494 2.318509 4
2.674752 2.087733 4
0.539904 1.768061 4
5.055633 2.413533 4
2.728235 2.154339 4
0.685440 1.824955 4
5.299951 2.378097 4
3.180968 2.327096 4
1.034197 1.834906 4
5.637825 2.210078 4
3.592297 2.418546 4
1.237145 1.792627 4
5.737751 2.093824 4
3.576209 2.365032 4
1.100345 1.715981 4
5.527674 2.131961 4
3.138404 2.207634 4
0.751613 1.686688 4
5.179416 2.297283 4
2.704037 2.090916 4
0.544735 1.757545 4
5.046519 2.407415 4
2.693508 2.136812 4
0.648351 1.819611 4
5.252935 2.392455 4
3.108487 2.303611 4
0.987404 1.836977 4
5.601140 2.234271 4
3.558284 2.415806 4
1.228602 1.800777 4
5.743098 2.101407 4
3.606235 2.379151 4
1.137689 1.726755 4
5.571122 2.116696 4
3.211709 2.231784 4
0.797876 1.683106 4
5.220860 2.274559 4
2.741758 2.097292 4
0.555495 1.746607 4
5.044026 2.399139 4
2.667147 2.121750 4
0.616163 1.813502 4
5.208938 2.403632 4
3.036818 2.278933 4
0.938515 1.837970 4
5.560074 2.259247 4
3.516195 2.410177 4
1.213549 1.808199 4
5.742468 2.111760 4
3.627634 2.391179 4
1.169870 1.737876 4
5.610752 2.104552 4
3.283231 2.255991 4
0.846356 1.682077 4
5.265979 2.250780 4
2.787566 2.106910 4
0.572087 1.735457 4
5.048199 2.388752 4
2.649360 2.109287 4
0.589302 1.806653 4
5.168863 2.411651 4
2.967686 2.253805 4
0.888624 1.837849 4
5.515347 2.284341 4
3.466506 2.401483 4
1.192195 1.814888 4
5.735846 2.124795 4
3.640295 2.401111 4
1.196336 1.749002 4
5.645933 2.095637 4
3.351229 2.279587 4
0.896034 1.683671 4
5.313786 2.226525 4
2.840915 2.119743 4
0.594361 1.724379 4
5.058997 2.376271 4
2.640266 2.099527 4
0.568064 1.799073 4
5.133476 2.416637 4
2.902653 2.228945 4
0.838868 1.836618 4
5.467834 2.308822 4
3.409906 2.389614 4
1.164850 1.820834 4
5.723262 2.140403 4
3.644176 2.408925 4
1.216680 1.759864 4
5.676172 2.089958 4
3.414193 2.302018 4
0.945801 1.687779 4
5.363191 2.202483 4
2.901007 2.135657 4
0.622087 1.713732 4
5.076295 2.361699 4
2.639930 2.092556 4
0.552643 1.790768 4
5.103399 2.418779 4
2.843051 2.204999 4
0.790369 1.834322 4
5.418544 2.331955 4
3.347332 2.374579 4
1.131944 1.826007 4
5.704799 2.158442 4
3.639283 2.414566 4
1.230622 1.770267 4
5.701098 2.087457 4
3.470896 2.322877 4
0.994516 1.694128 4
5.413054 2.179387 4
2.966759 2.154372 4
0.654948 1.703938 4
5.099863 2.345050 4
2.648376 2.088461 4
0.543150 1.781748 4
5.079122 2.418281 4
2.789942 2.182502 4
0.744185 1.831035 4
5.368576 2.353062 4
3.279987 2.356545 4
1.094033 1.830356 4
5.680608 2.178703 4
3.625660 2.417932 4
1.237987 1.780079 4
5.720442 2.088043 4
3.520409 2.341889 4
1.041057 1.702328 4
5.462242 2.157947 4
3.036793 2.175451 4
0.692512 1.695458 4
5.129360 2.326383 4
2.665588 2.087338 4
0.539642 1.772050 4
5.061011 2.415331 4
2.744132 2.161874 4
0.701261 1.826839 4
5.319065 2.371597 4
3.209328 2.335857 4
1.051816 1.833810 4
5.650934 2.200897 4
3.603397 2.418877 4
1.238694 1.789222 4
5.734018 2.091619 4
3.562068 2.358902 4
1.084381 1.711923 4
5.509691 2.138777 4
3.109470 2.198303 4
0.734214 1.688750 4
5.164302 2.305836 4
2.691490 2.089286 4
0.542122 1.761744 4
5.049321 2.410084 4
2.706193 2.143425 4
0.662393 1.821808 4
5.271134 2.387180 4
3.137016 2.313037 4
1.006129 1.836287 4
5.616136 2.224622 4
3.572655 2.417218 4
1.232750 1.797656 4
5.741705 2.098087 4
3.595437 2.373844 4
1.123571 1.722451 4
5.554437 2.122342 4
3.182968 2.222232 4
0.779350 1.684221 4
5.204059 2.283657 4
2.725923 2.094397 4
0.550557 1.750951 4
5.044213 2.402649 4
2.676509 2.127374 4
0.628217 1.815996 4
5.225834 2.399614 4
3.064816 2.288741 4
0.957938 1.837711 4
5.576718 2.249364 4
3.533698 2.412750 4
1.220239 1.805364 4
5.743431 2.107360 4
3.620250 2.386695 4
1.157858 1.733481 4
5.595653 2.108950 4
3.255409 2.246502 4
0.827073 1.682169 4
5.247843 2.260231 4
2.768601 2.102737 4
0.564869 1.739854 4
5.045762 2.393091 4
2.655328 2.113875 4
0.599217 1.809437 4
5.184116 2.408865 4
2.994488 2.263702 4
0.908308 1.838030 4
5.533335 2.274496 4
3.486931 2.405280 4
1.201334 1.812343 4
5.739167 2.119350 4
3.636358 2.397453 4
1.186630 1.744641 4
5.632652 2.098758 4
3.324989 2.270411 4
0.876408 1.682734 4
5.294717 2.236086 4
2.819062 2.114314 4
0.584929 1.728709 4
5.053963 2.381433 4
2.642803 2.103040 4
0.575738 1.802144 4
5.146802 2.415025 4
2.927669 2.238654 4
0.858363 1.837232 4
5.486805 2.299307 4
3.432954 2.394667 4
1.176303 1.818584 4
5.728922 2.133961 4
3.643697 2.406105 4
1.209424 1.755634 4
5.664886 2.091810 4
3.390096 2.293358 4
0.926275 1.685877 4
5.343628 2.211874 4
2.876613 2.129040 4
0.610542 1.717846 4
5.068723 2.367684 4
2.639015 2.094961 4
0.558010 1.794123 4
5.114569 2.418262 4
2.865788 2.214278 4
0.809238 1.835348 4
5.438087 2.323056 4
3.372602 2.380868 4
1.145527 1.824066 4
5.712759 2.151064 4
3.642254 2.412610 4
1.225912 1.766237 4
5.691941 2.088068 4
3.449391 2.314875 4
0.975541 1.691385 4
5.393447 2.188317 4
2.940285 2.146696 4
0.641427 1.707662 4
5.089858 2.351848 4
2.644004 2.089724 4
0.546174 1.785382 4
5.087959 2.418779 4
2.810013 2.191154 4
0.762023 1.832442 4
5.388251 2.345035 4
3.306974 2.363983 4
1.109510 1.828747 4
5.690800 2.170480 4
3.632059 2.416887 4
1.235880 1.776294 4
5.713508 2.087450 4
3.501827 2.334639 4
1.023068 1.698908 4
5.443033 2.166146 4
3.008817 2.166907 4
0.677199 1.698609 4
5.117070 2.333965 4
2.657771 2.087419 4
0.540307 1.775944 4
5.067385 2.416774 4
2.761250 2.169748 4
0.717712 1.828594 4
5.338425 2.364637 4
3.237431 2.344286 4
1.068895 1.832563 4
5.663248 2.191954 4
3.613182 2.418805 4
1.239212 1.785707 4
5.729372 2.089861 4
3.546641 2.352450 4
1.067775 1.708010 4
5.491287 2.146018 4
3.080663 2.189140 4
0.717348 1.691151 4
5.149936 2.314134 4
2.680266 2.088147 4
0.540433 1.765866 4
5.053144 2.412415 4
2.720158 2.150411 4
0.677163 1.823884 4
5.289741 2.381415 4
3.165563 2.322233 4
1.024466 1.835434 4
5.630415 2.215131 4
3.585752 2.418195 4
1.235880 1.794422 4
5.739388 2.095202 4
3.583313 2.368212 4
1.108692 1.718225 4
5.537204 2.128461 4
3.154062 2.212733 4
0.761226 1.685722 4
5.187884 2.292559 4
2.711367 2.092003 4
0.546531 1.755247 4
5.045431 2.405832 4
2.687188 2.133394 4
0.641074 1.818374 4
5.243286 2.395101 4
3.093106 2.298434 4
0.977138 1.837280 4
5.592746 2.239542 4
3.549990 2.414856 4
1.225938 1.802417 4
5.743466 2.103381 4
3.611517 2.381886 4
1.144991 1.729105 4
5.579900 2.113845 4
3.227142 2.236955 4
0.808041 1.682668 4
5.230186 2.269569 4
2.750844 2.099067 4
0.558541 1.744243 4
5.044356 2.397104 4
2.662639 2.118876 4
0.609989 1.812106 4
5.200053 2.405600 4
3.021837 2.273598 4
0.927943 1.838038 4
5.550835 2.264602 4
3.506237 2.408589 4
1.209523 1.809684 4
5.741560 2.114313 4
3.631063 2.393469 4
1.175997 1.740254 4
5.618631 2.102383 4
3.298053 2.261085 4
0.856865 1.682197 4
5.275964 2.245636 4
2.798311 2.109374 4
0.576358 1.733082 4
5.049945 2.386271 4
2.646693 2.106981 4
0.584303 1.805101 4
5.160916 2.412960 4
2.953453 2.248468 4
0.877985 1.837679 4
5.505436 2.289627 4
