q p curve
1.212088 0.912088 1
0.130416 0.759597 1
5.473523 1.275571 1
3.903365 1.839384 1
1.745560 1.130902 1
0.404522 0.718673 1
5.761066 1.059750 1
4.354324 1.818965 1
2.214545 1.327442 1
0.714457 0.781167 1
6.065714 0.874857 1
4.895964 1.616883 1
2.755791 1.529031 1
0.984419 0.846527 1
0.001722 0.802841 1
5.304057 1.384745 1
3.539714 1.776574 1
1.396702 0.981646 1
0.222102 0.733517 1
5.573585 1.203424 1
4.076364 1.847309 1
1.937241 1.213761 1
0.527807 0.736713 1
5.884250 0.970764 1
4.547071 1.767924 1
2.388432 1.393988 1
0.814228 0.806052 1
6.156734 0.842869 1
5.078840 1.516317 1
3.045786 1.631091 1
1.111156 0.880266 1
0.077165 0.777586 1
5.409519 1.318712 1
3.776330 1.823522 1
1.610586 1.072175 1
0.329137 0.717674 1
5.683909 1.119024 1
4.241643 1.836877 1
2.107421 1.284625 1
0.644262 0.763335 1
5.997881 0.904709 1
4.758074 1.684680 1
2.593987 1.470147 1
0.913900 0.829806 1
6.236535 0.818295 1
5.225865 1.431376 1
3.358374 1.729150 1
1.272447 0.933415 1
0.160903 0.750022 1
5.507874 1.251437 1
3.966170 1.844268 1
1.815289 1.161247 1
0.447338 0.723119 1
5.804383 1.027222 1
4.419147 1.804615 1
2.273367 1.350296 1
0.750194 0.790213 1
6.099301 0.862201 1
4.964443 1.580254 1
2.851834 1.563518 1
1.025690 0.856876 1
0.027717 0.794312 1
5.342678 1.361138 1
3.629046 1.796575 1
1.470489 1.012192 1
0.258216 0.726022 1
5.611070 1.175082 1
4.134233 1.845766 1
1.998767 1.239755 1
0.569900 0.745652 1
5.925419 0.944527 1
4.619423 1.742465 1
2.455648 1.419110 1
0.848719 0.814416 1
6.185908 0.833826 1
5.134794 1.484307 1
3.157589 1.668073 1
1.163876 0.896277 1
0.105458 0.767912 1
5.444315 1.295570 1
3.847139 1.833302 1
1.684589 1.104338 1
0.369336 0.717010 1
5.725140 1.087234 1
4.301690 1.828447 1
2.165417 1.308001 1
0.682963 0.773128 1
6.035475 0.887370 1
4.834099 1.648420 1
2.678968 1.501173 1
0.951313 0.838578 1
6.262904 0.809950 1
5.269548 1.405492 1
3.459349 1.756598 1
1.337755 0.958150 1
0.193246 0.740783 1
5.543056 1.226029 1
4.026760 1.846871 1
1.882860 1.190476 1
0.491231 0.729849 1
5.848188 0.995511 1
4.487543 1.786347 1
2.334612 1.373682 1
0.785133 0.798906 1
6.131113 0.851183 1
5.028358 1.544845 1
2.954503 1.599727 1
1.070328 0.868730 1
0.054206 0.785428 1
5.379542 1.338041 1
3.711901 1.812751 1
1.546699 1.044605 1
0.296172 0.720422 1
5.650077 1.145139 1
4.192188 1.841946 1
2.058176 1.264453 1
0.610683 0.755105 1
5.965161 0.921624 1
4.693839 1.712869 1
2.527871 1.445851 1
0.883602 0.822709 1
6.213776 0.825324 1
5.186034 1.454670 1
3.268331 1.702726 1
1.220883 0.915093 1
0.134903 0.758142 1
5.478661 1.272002 1
3.912981 1.840267 1
1.756148 1.135515 1
0.410845 0.719174 1
5.767495 1.054871 1
4.363824 1.817046 1
2.223262 1.330857 1
0.719893 0.782551 1
6.070881 0.872832 1
4.906536 1.611335 1
2.769790 1.534085 1
0.990428 0.848001 1
0.005602 0.801578 1
5.309970 1.381161 1
3.553470 1.779812 1
1.407484 0.986041 1
0.227368 0.732306 1
5.579091 1.199297 1
4.085051 1.847221 1
1.946620 1.217750 1
0.534191 0.738005 1
5.890512 0.966624 1
4.557763 1.764372 1
2.398221 1.397662 1
0.819377 0.807309 1
6.161178 0.841468 1
5.087484 1.511395 1
3.062350 1.636679 1
1.118743 0.882490 1
0.081320 0.776161 1
5.414766 1.315272 1
3.787288 1.825182 1
1.621803 1.077038 1
0.335075 0.717393 1
5.690004 1.114317 1
4.250523 1.835790 1
2.116128 1.288162 1
0.650149 0.764809 1
6.003614 0.901925 1
4.769548 1.679401 1
2.606281 1.474649 1
0.919400 0.831090 1
6.240526 0.817047 1
5.232646 1.427383 1
3.373939 1.733539 1
1.281951 0.936916 1
0.165645 0.748604 1
5.513109 1.247702 1
3.975429 1.844805 1
1.825639 1.165740 1
0.453921 0.724004 1
5.810994 1.022345 1
4.429248 1.802116 1
2.282429 1.353779 1
0.755503 0.791544 1
6.104205 0.860447 1
4.974371 1.574821 1
2.866894 1.568879 1
1.032188 0.858557 1
0.031674 0.792999 1
5.348347 1.357628 1
3.641993 1.799263 1
1.481918 1.017008 1
0.263847 0.725035 1
5.616870 1.170651 1
4.142961 1.845337 1
2.007848 1.243556 1
0.576137 0.747052 1
5.931501 0.940859 1
4.630526 1.738265 1
2.466194 1.423030 1
0.853948 0.815670 1
6.190197 0.832517 1
5.142839 1.479675 1
3.174502 1.673504 1
1.172218 0.898932 1
0.109827 0.766434 1
5.449515 1.292047 1
3.857352 1.834521 1
1.695534 1.109105 1
0.375504 0.717157 1
5.731453 1.082383 1
4.310900 1.826929 1
2.174124 1.311471 1
0.688645 0.774578 1
6.040963 0.885010 1
4.845307 1.642832 1
2.692298 1.506020 1
0.957086 0.839946 1
6.266822 0.808692 1
5.275817 1.401743 1
3.473937 1.760353 1
1.347961 0.962147 1
0.198257 0.739450 1
5.548407 1.222103 1
4.035645 1.847066 1
1.892689 1.194703 1
0.497775 0.731003 1
5.854666 0.990962 1
2.899285 1.799285 2
2.940033 1.820857 2
3.037337 1.859337 2
3.165153 1.902912 2
3.285971 1.937741 2
3.365135 1.954821 2
3.382341 1.951984 2
3.333022 1.930541 2
3.228332 1.894078 2
3.097155 1.851127 2
2.979684 1.815084 2
2.909985 1.797641 2
2.904980 1.803694 2
2.965111 1.831453 2
3.075418 1.873003 2
3.205274 1.915241 2
3.316308 1.945163 2
3.377626 1.956048 2
3.373950 1.947207 2
3.305422 1.920546 2
3.188612 1.880855 2
3.057306 1.838534 2
2.951757 1.807297 2
2.901183 1.796969 2
2.917074 1.810242 2
2.995158 1.843424 2
3.115454 1.886736 2
3.243512 1.926326 2
3.341722 1.950699 2
3.383733 1.955356 2
3.359180 1.940691 2
3.273021 1.909246 2
3.147434 1.867346 2
3.020039 1.827045 2
2.929277 1.801585 2
2.898909 1.798620 2
2.935286 1.818759 2
3.029399 1.856409 2
3.156266 1.900092 2
3.278773 1.935882 2
3.361587 1.954296 2
3.383306 1.952788 2
3.338334 1.932529 2
3.236683 1.896886 2
3.106075 1.853980 2
2.986434 1.817038 2
2.912759 1.798097 2
2.903185 1.802545 2
2.959193 1.829013 2
3.066905 1.870000 2
3.196642 1.912647 2
3.310086 1.943702 2
3.375438 1.955945 2
3.376332 1.948400 2
3.311879 1.922845 2
3.197444 1.883778 2
3.065818 1.841201 2
2.957406 1.808825 2
2.902550 1.796917 2
2.913902 1.808639 2
2.988217 1.840712 2
3.106612 1.883758 2
3.235388 1.924030 2
3.336632 1.949656 2
3.382955 1.955668 2
3.362933 1.942257 2
3.280458 1.911811 2
3.156477 1.870296 2
3.027891 1.829437 2
2.933688 1.802645 2
2.898845 1.798063 2
2.930810 1.816744 2
3.021617 1.853510 2
3.147359 1.897233 2
3.271386 1.933939 2
3.357753 1.953678 2
3.383959 1.953506 2
3.343379 1.934445 2
3.244896 1.899658 2
3.115047 1.856861 2
2.993404 1.819078 2
2.915834 1.798663 2
2.901697 1.801499 2
2.953519 1.826641 2
3.058497 1.867006 2
3.187933 1.909996 2
3.303636 1.942152 2
3.372947 1.955751 2
3.378408 1.949509 2
3.318099 1.925080 2
3.206193 1.886683 2
3.074442 1.843916 2
2.963308 1.810451 2
2.904227 1.796976 2
2.911025 1.807132 2
2.981484 1.838054 2
3.097820 1.880765 2
3.227133 1.921663 2
3.331284 1.948520 2
3.381866 1.955891 2
3.366393 1.943742 2
3.287697 1.914322 2
3.165498 1.873248 2
3.035908 1.831896 2
2.938378 1.803810 2
2.899094 1.797616 2
2.926611 1.814815 2
3.014001 1.850644 2
3.138442 1.894339 2
3.263821 1.931916 2
3.353636 1.952967 2
3.384300 1.954136 2
3.348150 1.936286 2
3.252959 1.902390 2
3.124059 1.859766 2
3.000583 1.821200 2
2.919206 1.799338 2
2.900518 1.800558 2
2.948096 1.824343 2
3.050206 1.864024 2
3.179158 1.907293 2
3.296966 1.940513 2
3.370158 1.955464 2
3.380176 1.950535 2
3.324074 1.927248 2
3.214848 1.889566 2
3.083165 1.846676 2
2.969457 1.812171 2
2.906212 1.797146 2
2.908447 1.805722 2
2.974969 1.835451 2
3.089091 1.877764 2
3.218758 1.919229 2
3.325682 1.947293 2
3.380468 1.956024 2
3.369555 1.945148 2
3.294728 1.916778 2
3.174483 1.876198 2
3.044077 1.834418 2
2.943343 1.805079 2
2.899655 1.797278 2
2.922694 1.812973 2
3.006561 1.847816 2
3.129531 1.891417 2
3.256086 1.929813 2
3.349241 1.952163 2
3.384328 1.954678 2
3.352643 1.938052 2
3.260860 1.905080 2
3.133096 1.862689 2
3.007962 1.823402 2
2.922874 1.800122 2
2.899649 1.799723 2
2.942930 1.822119 2
3.042042 1.861059 2
3.170330 1.904541 2
3.290085 1.938789 2
3.367073 1.955086 2
3.381633 1.951475 2
3.329797 1.929347 2
3.223394 1.892423 2
3.091975 1.849475 2
2.975844 1.813984 2
2.908504 1.797426 2
2.906170 1.804412 2
2.968679 1.832909 2
3.080435 1.874759 2
3.210275 1.916730 2
3.319835 1.945975 2
3.378763 1.956066 2
3.372418 1.946471 2
3.301544 1.919174 2
3.183419 1.879141 2
3.052389 1.837000 2
2.948577 1.806450 2
2.900528 1.797051 2
2.919062 1.811223 2
2.999306 1.845030 2
3.120636 1.888469 2
3.248192 1.927634 2
3.344573 1.951266 2
3.384043 1.955132 2
3.356854 1.939741 2
3.268590 1.907724 2
3.142147 1.865626 2
3.015533 1.825681 2
2.926832 1.801014 2
2.899091 1.798995 2
2.938026 1.819974 2
3.034018 1.858116 2
3.161461 1.901744 2
3.283001 1.936978 2
3.363695 1.954614 2
3.382781 1.952329 2
3.335263 1.931377 2
3.231821 1.895250 2
3.100857 1.852310 2
2.982464 1.815886 2
2.911102 1.797818 2
2.904197 1.803203 2
2.962621 1.830430 2
3.071866 1.871754 2
3.201695 1.914169 2
3.313749 1.944566 2
3.376753 1.956016 2
3.374978 1.947713 2
3.308136 1.921510 2
3.192294 1.882072 2
3.060831 1.839637 2
2.954075 1.807920 2
2.901714 1.796934 2
2.915719 1.809564 2
2.992247 1.842290 2
3.111772 1.885500 2
3.240150 1.925380 2
3.339637 1.950276 2
3.383447 1.955497 2
3.360776 1.941352 2
3.276137 1.910319 2
3.151196 1.868572 2
3.023284 1.828032 2
2.931077 1.802013 2
2.898844 1.798375 2
2.933391 1.817911 2
3.026143 1.855200 2
4.813065 4.063065 3
0.809262 3.589150 3
3.560693 3.832935 3
6.032235 3.997952 3
2.038780 3.412411 3
4.894957 4.044100 3
0.819233 3.562826 3
3.467650 3.788711 3
5.894296 3.998966 3
1.802685 3.373030 3
4.614405 4.015283 3
0.502781 3.694563 3
2.955957 3.620082 3
5.538515 4.028423 3
1.442040 3.391078 3
4.278178 3.991749 3
0.256449 3.826878 3
2.696344 3.555808 3
5.430774 4.053518 3
1.402313 3.417525 3
4.317401 4.016820 3
0.359637 3.802923 3
2.951401 3.647404 3
5.677014 4.062406 3
1.717604 3.412397 3
4.689840 4.063195 3
0.713693 3.638471 3
3.463578 3.808549 3
5.992559 4.013836 3
2.022515 3.417367 3
4.908277 4.052398 3
0.857997 3.555200 3
3.562605 3.823655 3
5.987227 3.992230 3
1.933595 3.388527 3
4.755435 4.026769 3
0.644545 3.628489 3
3.160752 3.684366 3
5.663444 4.016959 3
1.550724 3.374844 3
4.370067 3.997681 3
0.309149 3.795268 3
2.732318 3.560376 3
5.428466 4.045395 3
1.373528 3.413596 3
4.253407 3.999718 3
0.279834 3.830833 3
2.796746 3.594998 3
5.548903 4.063557 3
1.568114 3.413838 3
4.537579 4.052599 3
0.580592 3.704546 3
3.297514 3.759802 3
5.904208 4.035745 3
1.948268 3.416411 3
4.870151 4.059482 3
0.846664 3.567964 3
3.585839 3.836500 3
6.030938 3.992429 3
2.015622 3.404633 3
4.855489 4.037532 3
0.763045 3.581196 3
3.360118 3.751307 3
5.805587 4.005842 3
1.696553 3.368371 3
4.507545 4.007560 3
0.410386 3.741316 3
2.840359 3.587122 3
5.476283 4.035902 3
1.396092 3.402359 3
4.247718 3.991809 3
0.249025 3.835867 3
2.712679 3.564539 3
5.461860 4.058452 3
1.452878 3.416823 3
4.393822 4.032129 3
0.441069 3.769165 3
3.090075 3.693452 3
5.775804 4.055115 3
1.822890 3.413409 3
4.779966 4.063945 3
0.784976 3.601957 3
3.538610 3.827972 3
6.025293 4.001886 3
2.040031 3.414706 3
4.904495 4.046779 3
0.836479 3.558236 3
3.504550 3.801879 3
5.927793 3.996371 3
1.846870 3.377080 3
4.660657 4.018804 3
0.546629 3.673273 3
3.015690 3.638192 3
5.573075 4.024940 3
1.470291 3.385738 3
4.300551 3.992931 3
0.267310 3.819582 3
2.699869 3.555029 3
5.424745 4.051146 3
1.387969 3.417042 3
4.291674 4.010732 3
0.330052 3.814092 3
2.897054 3.629139 3
5.634615 4.063782 3
1.669950 3.412488 3
4.644668 4.061249 3
0.675752 3.657580 3
3.419363 3.796146 3
5.970501 4.020222 3
2.005787 3.417560 3
4.902092 4.054716 3
0.859841 3.556966 3
3.577240 3.829871 3
6.005955 3.991407 3
1.964648 3.393839 3
4.791307 4.030209 3
0.684828 3.611422 3
3.225365 3.705701 3
5.706950 4.013462 3
1.592691 3.371335 3
4.408414 4.000453 3
0.335305 3.780972 3
2.757728 3.566065 3
5.437793 4.042647 3
1.375001 3.410926 3
4.245416 3.996258 3
0.265145 3.834685 3
2.763223 3.583302 3
5.517092 4.062400 3
1.527930 3.414770 3
4.490693 4.047042 3
0.536645 3.725587 3
3.235986 3.740577 3
5.868201 4.042447 3
1.914546 3.415491 3
4.847961 4.061276 3
0.833101 3.576045 3
3.578892 3.836196 3
6.034416 3.994298 3
2.029348 3.408509 3
4.876044 4.040535 3
0.790830 3.571640 3
3.411685 3.769113 3
5.846770 4.002665 3
1.744089 3.369546 3
4.554710 4.010929 3
0.449679 3.721151 3
2.887806 3.600265 3
5.500996 4.032671 3
1.413363 3.397602 3
4.257745 3.991278 3
0.249403 3.833146 3
2.701277 3.559471 3
5.445097 4.056350 3
1.427379 3.417389 3
4.357024 4.025195 3
0.402737 3.785529 3
3.026587 3.672481 3
5.732085 4.059079 3
1.777237 3.412770 3
4.742458 4.064158 3
0.756102 3.616874 3
3.509691 3.820813 3
6.013722 4.006689 3
2.035750 3.416298 3
4.909200 4.049335 3
0.848983 3.555671 3
3.534574 3.812871 3
5.956992 3.994197 3
1.887840 3.381903 3
4.704661 4.022345 3
0.590671 3.652610 3
3.078899 3.657974 3
5.611294 4.021408 3
1.503204 3.380572 3
4.328202 3.994724 3
0.282870 3.810175 3
2.710019 3.556157 3
5.423431 4.048670 3
1.378523 3.415943 3
4.271291 4.005339 3
0.304920 3.822925 3
2.848558 3.612728 3
5.594584 4.064177 3
1.623397 3.412913 3
4.597622 4.058144 3
0.634836 3.677966 3
3.368861 3.781412 3
5.943882 4.027018 3
1.983631 3.417273 3
4.891041 4.056920 3
0.856978 3.560624 3
3.585205 3.834059 3
6.019965 3.991337 3
1.990586 3.398906 3
4.822713 4.033539 3
0.721912 3.596560 3
3.287602 3.726596 3
5.751060 4.010029 3
1.637545 3.369089 3
4.450541 4.003488 3
0.365955 3.764586 3
2.790018 3.573942 3
5.451856 4.039756 3
1.381293 3.407548 3
4.242955 3.993716 3
0.255099 3.836472 3
2.736559 3.573710 3
5.489704 4.060828 3
1.491824 3.415746 3
4.445826 4.040716 3
0.493229 3.745808 3
3.171816 3.720076 3
5.828844 4.048598 3
1.876332 3.414514 3
4.820851 4.062752 3
0.814769 3.586189 3
3.565294 3.833871 3
6.033277 3.997084 3
2.037558 3.411702 3
4.891706 4.043387 3
0.814011 3.564352 3
3.457017 3.784960 3
5.885000 3.999691 3
1.790873 3.372152 3
0.637858 4.921043 4
1.221962 4.588869 4
1.992139 4.331672 4
2.914088 4.443741 4
3.948671 4.801586 4
4.764083 5.098008 4
5.441704 5.294162 4
5.962955 5.311902 4
0.163511 5.192317 4
0.671819 4.907544 4
1.287279 4.558089 4
2.089566 4.328486 4
3.074744 4.493923 4
4.095052 4.857562 4
4.911243 5.153507 4
5.554329 5.309641 4
6.071379 5.306252 4
0.274724 5.135147 4
0.796801 4.837321 4
1.464995 4.472964 4
2.285538 4.330123 4
3.323427 4.575657 4
4.268865 4.918614 4
5.052337 5.198937 4
5.645628 5.310960 4
6.144414 5.290983 4
0.339764 5.093009 4
0.855022 4.798899 4
1.526649 4.443857 4
2.328644 4.329821 4
3.344600 4.580301 4
4.260078 4.911739 4
5.022992 5.185169 4
5.610527 5.303664 4
6.098586 5.292061 4
0.281762 5.120344 4
0.776199 4.839234 4
1.399498 4.495523 4
2.168179 4.320369 4
3.117082 4.502208 4
4.078465 4.844711 4
4.851705 5.124881 4
5.485336 5.292785 4
5.983328 5.302906 4
0.168295 5.181748 4
0.657231 4.908200 4
1.241955 4.576638 4
2.006473 4.329076 4
2.921824 4.444949 4
3.945584 4.799259 4
4.752884 5.092579 4
5.428294 5.290353 4
5.946114 5.310597 4
0.143409 5.199985 4
0.645181 4.920766 4
1.244569 4.579462 4
2.034147 4.330589 4
2.991766 4.467953 4
4.026531 4.832050 4
4.846898 5.130137 4
5.508094 5.305079 4
6.029188 5.310335 4
0.232909 5.158574 4
0.752330 4.863432 4
1.405107 4.500512 4
2.224069 4.328112 4
3.253065 4.552167 4
4.224002 4.903527 4
5.019900 5.189638 4
5.626639 5.312045 4
6.131575 5.295283 4
0.330595 5.100366 4
0.850395 4.803447 4
1.527804 4.444763 4
2.339552 4.331937 4
3.369461 4.589982 4
4.286967 4.922691 4
5.053875 5.196610 4
5.637500 5.306766 4
6.127799 5.289616 4
0.314834 5.103302 4
0.816651 4.817473 4
1.460187 4.468958 4
2.238869 4.322368 4
3.212987 4.533830 4
4.150880 4.870803 4
4.916246 5.147410 4
5.529735 5.296521 4
6.021278 5.299179 4
0.203178 5.162600 4
0.691005 4.887665 4
1.283036 4.553735 4
2.045216 4.324999 4
2.963189 4.455936 4
3.969977 4.806978 4
4.766140 5.096055 4
5.432408 5.289071 4
5.944646 5.308522 4
0.137928 5.200368 4
0.634058 4.925017 4
1.222779 4.589774 4
2.000833 4.332038 4
2.936080 4.450836 4
3.974608 4.812101 4
4.794210 5.110093 4
5.467473 5.299149 4
5.989822 5.312034 4
0.192449 5.179185 4
0.706639 4.889005 4
1.339679 4.532028 4
2.151847 4.327450 4
3.161110 4.521773 4
4.160071 4.881094 4
4.968168 5.173080 4
5.593140 5.311731 4
6.104769 5.301115 4
0.306585 5.115958 4
0.828687 4.817723 4
1.504658 4.455328 4
2.322768 4.331738 4
3.360278 4.587725 4
4.288747 4.924645 4
5.062964 5.201025 4
5.649040 5.309265 4
6.143244 5.289201 4
0.334770 5.093959 4
0.844256 4.803407 4
1.505086 4.451285 4
2.296252 4.326381 4
3.294614 4.562179 4
4.216358 4.895030 4
4.978600 5.169371 4
5.575514 5.300428 4
6.063703 5.295259 4
0.245027 5.139931 4
0.734804 4.862309 4
1.341020 4.523605 4
2.104587 4.321399 4
3.034935 4.476719 4
4.019152 4.823823 4
4.802695 5.108074 4
5.453686 5.290224 4
5.958644 5.305825 4
0.147460 5.193664 4
0.639152 4.920103 4
1.223027 4.588134 4
1.992455 4.331504 4
2.913296 4.443416 4
3.947043 4.800866 4
4.761768 5.097025 4
5.439500 5.293658 4
5.960497 5.311812 4
0.160753 5.193471 4
0.668355 4.909329 4
1.281910 4.560783 4
2.082894 4.328684 4
3.065097 4.490863 4
4.087437 4.854764 4
4.904317 5.151050 4
5.549483 5.309268 4
6.067076 5.306783 4
0.270530 5.137585 4
0.792461 4.839924 4
1.459348 4.475507 4
2.279952 4.329894 4
3.317408 4.573653 4
4.265240 4.917433 4
5.049938 5.198311 4
5.644378 5.311119 4
6.143762 5.291327 4
0.339531 5.093367 4
0.855366 4.798900 4
1.527921 4.443500 4
2.331077 4.330146 4
3.348783 4.581862 4
4.264037 4.913292 4
5.027216 5.186692 4
5.614021 5.304016 4
6.102214 5.291734 4
0.285727 5.118259 4
0.780861 4.836683 4
1.406299 4.492411 4
2.175834 4.320429 4
3.127251 4.505470 4
4.085972 4.847386 4
4.858173 5.127125 4
5.489658 5.293147 4
5.986874 5.302536 4
0.171436 5.180004 4
0.660144 4.906374 4
1.245309 4.574701 4
2.009424 4.328692 4
2.924606 4.445637 4
3.946871 4.799604 4
4.753130 5.092526 4
5.427896 5.290095 4
5.945228 5.310411 4
0.142134 5.200362 4
0.643263 4.921641 4
1.241266 4.581090 4
2.029536 4.330801 4
2.984492 4.465711 4
4.020127 4.829625 4
4.840631 5.127798 4
5.503424 5.304493 4
6.024782 5.310624 4
0.228456 5.160949 4
0.747436 4.866232 4
1.398274 4.503737 4
2.216773 4.327957 4
3.244194 4.549211 4
4.218061 4.901478 4
5.015305 5.188231 4
5.623761 5.312091 4
6.129390 5.295847 4
0.328748 5.101636 4
0.848897 4.804504 4
1.526503 4.445415 4
2.339087 4.332023 4
3.370102 4.590310 4
4.288346 4.923326 4
5.055865 5.197405 4
5.639459 5.307057 4
6.130099 5.289464 4
0.317596 5.101931 4
6.073122 5.673122 5
0.973178 4.994723 5
3.577568 4.816107 5
5.659103 5.622263 5
0.465192 5.369574 5
2.394011 4.499082 5
5.144208 5.472030 5
0.098737 5.579450 5
1.519260 4.657910 5
4.313233 5.113543 5
6.010552 5.681226 5
0.882427 5.057091 5
3.357973 4.733419 5
5.563569 5.598813 5
0.387484 5.429385 5
2.235437 4.493740 5
5.022808 5.421207 5
0.024322 5.602195 5
1.352871 4.746370 5
4.151120 5.047496 5
5.943469 5.680482 5
0.785443 5.123836 5
3.098264 4.644978 5
5.465872 5.575877 5
0.317539 5.478873 5
2.081172 4.501068 5
4.880775 5.359130 5
6.235302 5.626065 5
1.219842 4.828127 5
3.998466 4.985346 5
5.872058 5.671335 5
0.689012 5.192847 5
2.850339 4.574268 5
5.371056 5.550681 5
0.252089 5.517268 5
1.916032 4.524000 5
4.704984 5.280757 5
6.160474 5.651283 5
1.102721 4.906284 5
3.832847 4.918151 5
5.789182 5.654829 5
0.592033 5.267758 5
2.640144 4.529386 5
5.280387 5.522401 5
0.189915 5.546398 5
1.750875 4.565548 5
4.530483 5.204252 5
6.092575 5.669251 5
1.001772 4.975165 5
3.640833 4.840964 5
5.690047 5.630206 5
0.492985 5.347445 5
2.448368 4.503586 5
5.179258 5.485902 5
0.121908 5.571988 5
1.576194 4.631660 5
4.365320 5.134893 5
6.030405 5.679473 5
0.911129 5.037344 5
3.430373 4.759997 5
5.593134 5.605850 5
0.410306 5.412193 5
2.283022 4.494044 5
5.061986 5.437931 5
0.047072 5.595199 5
1.400652 4.719295 5
4.200254 5.067516 5
5.964898 5.681793 5
0.816230 5.102571 5
3.181976 4.672152 5
5.496656 5.583220 5
0.338953 5.464418 5
2.130353 4.497325 5
4.928692 5.380283 5
6.258068 5.618271 5
1.258967 4.803159 5
4.046079 5.004701 5
5.894908 5.674880 5
0.718566 5.171161 5
2.922575 4.593148 5
5.399731 5.558793 5
0.271923 5.506599 5
1.968112 4.514928 5
4.761924 5.306153 5
6.183620 5.643801 5
1.137712 4.882550 5
3.887302 4.940237 5
5.817046 5.660961 5
0.623002 5.243279 5
2.703356 4.541165 5
5.309009 5.531746 5
0.209382 5.537890 5
1.802278 4.550441 5
4.582888 5.226924 5
6.112636 5.664656 5
1.031453 4.954898 5
3.702757 4.865636 5
5.721535 5.638286 5
0.522709 5.323528 5
2.505555 4.509681 5
5.212564 5.498541 5
0.144200 5.564286 5
1.632465 4.607926 5
4.416993 5.156274 5
6.049812 5.676982 5
0.939220 5.018023 5
3.498594 4.785677 5
5.622647 5.613074 5
0.434151 5.393879 5
2.331849 4.495542 5
5.099846 5.453842 5
0.070270 5.588180 5
1.452288 4.691510 5
4.250670 5.088042 5
5.985846 5.682143 5
0.846612 5.081698 5
3.264008 4.700071 5
5.527227 5.590343 5
0.360684 5.449047 5
2.178261 4.494952 5
4.972935 5.399636 5
6.280443 5.610831 5
1.299832 4.777881 5
4.093269 5.023916 5
5.917105 5.677816 5
0.748508 5.149716 5
2.999537 4.614901 5
5.429199 5.566674 5
0.292259 5.494798 5
2.019910 4.507634 5
4.817619 5.331028 5
6.207142 5.635811 5
1.174184 4.858098 5
3.939003 4.961210 5
5.842939 5.666151 5
0.653211 5.219869 5
2.768271 4.554844 5
5.337082 5.540536 5
0.228631 5.528950 5
1.853535 4.537359 5
4.637090 5.250676 5
6.133651 5.659184 5
1.062679 4.933587 5
3.763116 4.889924 5
5.752900 5.646169 5
0.553874 5.298371 5
2.565387 4.517520 5
5.244194 5.509983 5
0.165470 5.556329 5
1.687127 4.587062 5
4.468295 5.177772 5
6.069055 5.673858 5
0.967230 4.998798 5
3.564020 4.810836 5
5.652670 5.620624 5
0.459583 5.374001 5
2.382898 4.498320 5
5.136609 5.468958 5
0.093780 5.580995 5
1.507340 4.663680 5
4.302251 5.109059 5
6.006298 5.681487 5
0.876270 5.061325 5
3.342091 4.727688 5
5.557288 5.597339 5
0.382761 5.432896 5
2.225476 4.493826 5
5.014339 5.417564 5
0.019579 5.603680 5
1.343278 4.751958 5
4.140925 5.043340 5
5.938905 5.680095 5
0.778960 5.128343 5
3.080729 4.639472 5
5.459415 5.574299 5
0.313080 5.481778 5
2.070631 4.502045 5
4.870171 5.354426 5
6.230441 5.627746 5
1.211767 4.833366 5
3.988292 4.981214 5
5.867123 5.670507 5
0.682800 5.197477 5
2.835672 4.570632 5
5.365099 5.548943 5
0.247968 5.519389 5
1.905093 4.526139 5
4.693019 5.275436 5
6.155696 5.652758 5
1.095563 4.911159 5
3.821001 4.913349 5
5.783052 5.653413 5
0.585419 5.273036 5
2.626986 4.527133 5
5.274228 5.520337 5
0.185744 5.548152 5
1.739933 4.569022 5
4.519595 5.199582 5
6.088436 5.670123 5
0.995670 4.979335 5
3.627608 4.835736 5
5.683463 5.628511 5
0.486957 5.352269 5
2.436670 4.502510 5
5.172008 5.483076 5
0.117082 5.573581 5
1.564188 4.637012 5
4.354355 5.130384 5
6.026260 5.679909 5
0.905138 5.041466 5
3.415487 4.754473 5
5.586918 5.604355 5
0.405423 5.415900 5
2.272912 4.493882 5
5.053843 5.434474 5
0.042234 5.596672 5
1.390250 4.725080 5
4.189779 5.063250 5
5.960413 5.681592 5
0.809748 5.107033 5
3.164343 4.666311 5
5.490159 5.581691 5
0.334404 5.467553 5
2.120090 4.497996 5
4.918905 5.375978 5
