q p orbit
1.921999 1.901999 1
0.068879 1.885454 1
4.610963 2.528465 1
2.469500 2.110975 1
0.900893 1.897215 1
5.865947 2.147635 1
4.166310 2.530305 1
1.803540 1.884849 1
6.258547 1.904446 1
4.388610 2.509578 1
1.904530 1.896180 1
0.039161 1.887200 1
4.522555 2.521661 1
2.231931 2.019085 1
0.599579 1.889979 1
5.615362 2.294756 1
4.003779 2.530956 1
1.743002 1.882865 1
6.238072 1.916075 1
4.374810 2.510657 1
1.891224 1.892471 1
0.020095 1.888879 1
4.466327 2.515850 1
2.081476 1.961318 1
0.356675 1.882850 1
5.283630 2.443986 1
3.714825 2.501493 1
1.634636 1.881676 1
6.201347 1.937926 1
4.353623 2.513168 1
1.878335 1.889985 1
0.007167 1.890841 1
4.431464 2.511907 1
1.991172 1.927195 1
0.194916 1.881910 1
4.950166 2.520193 1
3.245643 2.388249 1
1.438419 1.885022 1
6.130229 1.981579 1
4.314764 2.517993 1
1.860807 1.888028 1
6.279760 1.893855 1
4.409653 2.509718 1
1.938998 1.907904 1
0.098797 1.884089 1
4.697149 2.531868 1
2.692956 2.196274 1
1.106621 1.895537 1
5.984528 2.073226 1
4.234643 2.526009 1
1.829263 1.885998 1
6.267239 1.899620 1
4.394822 2.509167 1
1.911290 1.898181 1
0.049389 1.886423 1
4.552626 2.524288 1
2.312817 2.050355 1
0.713328 1.893602 1
5.724711 2.233013 1
4.078503 2.532287 1
1.770684 1.883617 1
6.247281 1.910706 1
4.380382 2.510049 1
1.895279 1.893409 1
0.024927 1.888310 1
4.480013 2.517330 1
2.117622 1.975110 1
0.418429 1.884255 1
5.384086 2.405996 1
3.815337 2.515878 1
1.672809 1.881797 1
6.214442 1.930070 1
4.361059 2.512270 1
1.882541 1.890722 1
0.011024 1.890179 1
4.441542 2.513067 1
2.016958 1.936882 1
0.242023 1.881680 1
5.058894 2.503597 1
3.427007 2.439719 1
1.519200 1.882993 1
6.160505 1.962882 1
4.331396 2.516035 1
1.868358 1.888883 1
0.001251 1.892554 1
4.419475 2.510743 1
1.962543 1.916593 1
0.142452 1.882812 1
4.817291 2.530687 1
2.977985 2.300159 1
1.299417 1.889667 1
6.074204 2.016662 1
4.284451 2.521451 1
1.849005 1.887304 1
6.275423 1.896011 1
4.405372 2.509708 1
1.931980 1.905509 1
0.086705 1.884636 1
4.662880 2.530932 1
2.605683 2.163226 1
1.033517 1.896846 1
5.945729 2.097730 1
4.212812 2.527681 1
1.821267 1.885713 1
6.265003 1.901127 1
4.394611 2.509557 1
1.913748 1.899255 1
0.054897 1.886246 1
4.569792 2.525701 1
2.359425 2.068421 1
0.773581 1.895204 1
5.774611 2.203449 1
4.110555 2.532035 1
1.782780 1.884084 1
6.251669 1.908394 1
4.384268 2.510010 1
1.900930 1.895260 1
0.034452 1.887664 1
4.509070 2.520399 1
2.195882 2.005192 1
0.545041 1.888146 1
5.554245 2.327008 1
3.958623 2.528845 1
1.726322 1.882525 1
6.232598 1.919352 1
4.371881 2.511092 1
1.889970 1.892349 1
0.019468 1.889095 1
4.465262 2.515782 1
2.079026 1.960404 1
0.352517 1.882782 1
5.276424 2.446450 1
3.707083 2.500222 1
1.631702 1.881694 1
6.200404 1.938538 1
4.353318 2.513282 1
1.878720 1.890190 1
0.008230 1.890808 1
4.435012 2.512377 1
2.000649 1.930773 1
0.212425 1.881782 1
4.991813 2.514736 1
3.318961 2.410021 1
1.472089 1.884094 1
6.143054 1.973650 1
4.321871 2.517191 1
1.864152 1.888443 1
6.282025 1.893285 1
4.414723 2.510280 1
1.951342 1.912466 1
0.121791 1.883359 1
4.761516 2.532156 1
2.850334 2.254583 1
1.220437 1.892353 1
6.039401 2.038572 1
4.265234 2.523341 1
1.841201 1.886717 1
6.271894 1.897422 1
4.400093 2.509332 1
1.920823 1.901497 1
0.066311 1.885530 1
4.603139 2.527973 1
2.448547 2.102881 1
0.878126 1.897007 1
5.850790 2.157006 1
4.157210 2.530676 1
1.799999 1.884656 1
6.257101 1.905109 1
4.386839 2.509493 1
1.901182 1.895007 1
0.033139 1.887552 1
4.504086 2.519830 1
2.181963 1.999804 1
0.523181 1.887402 1
5.527813 2.340357 1
3.938111 2.527547 1
1.718587 1.882334 1
6.229775 1.920877 1
4.369497 2.511130 1
1.886709 1.891303 1
2.096356 1.986356 2
0.484745 1.897834 2
5.516923 2.354830 2
3.975820 2.541508 2
1.817145 1.916778 2
0.139588 1.910578 2
4.930934 2.533486 2
3.273623 2.402869 2
1.489589 1.897182 2
6.210912 1.969052 2
4.547504 2.547990 2
2.470868 2.120578 2
0.947957 1.906169 2
5.926464 2.124418 2
4.278905 2.548044 2
2.036257 1.967521 2
0.400556 1.897179 2
5.402159 2.407243 2
3.876341 2.532465 2
1.766375 1.910039 2
0.095907 1.917448 2
4.841274 2.542078 2
3.106156 2.349909 2
1.405217 1.897954 2
6.169351 1.988207 2
4.495117 2.547416 2
2.363253 2.080545 2
0.832379 1.905260 2
5.848489 2.171029 2
4.222449 2.548553 2
1.981942 1.951960 2
0.326865 1.897926 2
5.286660 2.451781 2
3.762485 2.517365 2
1.712509 1.904754 2
0.055661 1.925860 2
4.760876 2.546503 2
2.940664 2.293309 2
1.311959 1.899864 2
6.123949 2.011189 2
4.445324 2.547021 2
2.269566 2.046267 2
0.719199 1.903056 2
5.759842 2.223338 2
4.159321 2.548499 2
1.931064 1.938984 2
0.262078 1.900102 2
5.172798 2.486949 2
3.632311 2.494186 2
1.653656 1.900860 2
0.017352 1.936107 2
4.689104 2.548316 2
2.783963 2.237010 2
1.210434 1.902408 2
6.073477 2.038623 2
4.396943 2.546972 2
2.188822 2.017566 2
0.613000 1.900463 2
5.661653 2.279153 2
4.088060 2.547148 2
1.882212 1.928225 2
0.205254 1.903658 2
5.063957 2.512430 2
3.486561 2.461440 2
1.588376 1.898335 2
6.262668 1.948508 2
4.624382 2.548618 2
2.639372 2.183583 2
1.101019 1.904802 2
6.016013 2.071470 2
4.347968 2.547294 2
2.118305 1.993557 2
0.515560 1.898339 2
5.554758 2.335972 2
4.006321 2.543504 2
1.833783 1.919391 2
0.155278 1.908588 2
4.963131 2.529345 2
3.328994 2.419161 2
1.515955 1.897230 2
6.224265 1.963369 2
4.566021 2.548191 2
2.510601 2.135441 2
0.986921 1.906096 2
5.950534 2.110066 2
4.296870 2.547841 2
2.055796 1.973484 2
0.427780 1.897249 2
5.441190 2.390278 2
3.911494 2.536107 2
1.783809 1.912151 2
0.110231 1.914962 2
4.870571 2.539726 2
3.162997 2.368445 2
1.434774 1.897548 2
6.183778 1.981326 2
4.512474 2.547599 2
2.398013 2.093423 2
0.871376 1.905745 2
5.876021 2.154586 2
4.242168 2.548413 2
1.999801 1.956897 2
0.350677 1.897512 2
5.325594 2.437744 2
3.802672 2.523264 2
1.731154 1.906380 2
0.068949 1.922832 2
4.786986 2.545371 2
2.995800 2.312551 2
1.344385 1.899118 2
6.139770 2.002972 2
4.461910 2.547123 2
2.299687 2.057201 2
0.756852 1.903894 2
5.790935 2.205143 2
4.181490 2.548623 2
1.947972 1.943108 2
0.283049 1.899210 2
5.210915 2.476156 2
3.678175 2.503043 2
1.674218 1.902024 2
0.030188 1.932417 2
4.712504 2.547918 2
2.835713 2.255829 2
1.245673 1.901519 2
6.091216 2.028794 2
4.413246 2.546943 2
2.214796 2.026682 2
0.647918 1.901322 2
5.695816 2.260063 2
4.113150 2.547802 2
1.898564 1.931626 2
0.223598 1.902305 2
5.099908 2.504872 2
3.537300 2.473595 2
1.611178 1.899032 2
6.275469 1.944064 2
4.645503 2.548633 2
2.686615 2.201148 2
1.138720 1.904071 2
6.036296 2.059730 2
4.364695 2.547151 2
2.141159 2.001203 2
0.547469 1.898964 2
5.591794 2.316840 2
4.035303 2.545073 2
1.850232 1.922183 2
0.171520 1.906765 2
4.996257 2.524462 2
3.383356 2.434469 2
1.541308 1.897442 2
6.237379 1.958040 2
4.585090 2.548375 2
2.552204 2.151014 2
1.025736 1.905830 2
5.973585 2.096386 2
4.314437 2.547642 2
2.076093 1.979849 2
0.456252 1.897476 2
5.480017 2.372505 2
3.945064 2.539129 2
1.800945 1.914430 2
0.124987 1.912645 2
4.900897 2.536833 2
3.219685 2.386377 2
1.463262 1.897287 2
6.197797 1.974869 2
4.530159 2.547796 2
2.434378 2.106956 2
0.910455 1.906053 2
5.902319 2.138853 2
4.261194 2.548234 2
2.018126 1.962150 2
0.375566 1.897263 2
5.364632 2.422664 2
3.841066 2.528322 2
1.749315 1.908167 2
0.082531 1.919998 2
4.814156 2.543889 2
3.051808 2.331720 2
4.437166 2.547166 3
2.256505 2.041662 3
0.703049 1.902755 3
5.746217 2.231337 3
4.150051 2.548538 3
1.925210 1.937780 3
0.255889 1.900551 3
5.161885 2.489936 3
3.619120 2.491567 3
1.648188 1.900724 3
0.014705 1.937132 3
4.685469 2.548493 3
2.776747 2.234429 3
1.205677 1.902608 3
6.071388 2.039954 3
4.395913 2.547156 3
2.188554 2.017589 3
0.613244 1.900555 3
5.662176 2.278950 3
4.088892 2.547288 3
1.883589 1.928685 3
0.207715 1.903628 3
5.069477 2.511407 3
3.494965 2.463565 3
1.592550 1.898578 3
6.265593 1.947701 3
4.630262 2.548773 3
2.653486 2.188902 3
1.112820 1.904665 3
6.022722 2.067718 3
4.354204 2.547414 3
2.127982 1.996907 3
0.529782 1.898699 3
5.571827 2.327313 3
4.020189 2.544396 3
1.842314 1.920993 3
0.164537 1.907703 3
4.982808 2.526611 3
3.362091 2.428620 3
1.531797 1.897460 3
6.232969 1.960030 3
4.579699 2.548481 3
2.541466 2.147065 3
1.016260 1.905989 3
5.968314 2.099637 3
4.311070 2.547849 3
2.073360 1.979126 3
0.453169 1.897548 3
5.476249 2.374345 3
3.942252 2.538983 3
1.800142 1.914493 3
0.125168 1.912816 3
4.902128 2.536801 3
3.222495 2.387303 3
1.464973 1.897382 3
6.199124 1.974485 3
4.532958 2.547992 3
2.441393 2.109651 3
0.918194 1.906168 3
5.907648 2.135782 3
4.265695 2.548347 3
2.023808 1.963974 3
0.384195 1.897331 3
5.378173 2.417279 3
3.854352 2.530020 3
1.756270 1.909074 3
0.088747 1.918997 3
4.827678 2.543134 3
3.079750 2.341177 3
1.391409 1.898281 3
6.163056 1.991477 3
4.488811 2.547527 3
2.352126 2.076526 3
0.820001 1.905148 3
5.839712 2.176363 3
4.216738 2.548728 3
1.978042 1.951075 3
0.322619 1.898147 3
5.280013 2.454152 3
3.755806 2.516398 3
1.709944 1.904703 3
0.054656 1.926325 3
4.759965 2.546654 3
2.939458 2.292939 3
1.311533 1.899964 3
6.124119 2.011284 3
4.446447 2.547206 3
2.272876 2.047564 3
0.723909 1.903244 3
5.764085 2.220962 3
4.162847 2.548659 3
1.934663 1.940022 3
0.267413 1.899999 3
5.183147 2.484194 3
3.645405 2.496853 3
1.659958 1.901340 3
0.021930 1.934992 3
4.698465 2.548305 3
2.805565 2.244947 3
1.225673 1.902110 3
6.081522 2.034310 3
4.405119 2.547133 3
2.203020 2.022647 3
0.632757 1.901032 3
5.681499 2.268199 3
4.103135 2.547684 3
1.892808 1.930586 3
0.218001 1.902855 3
5.089649 2.507195 3
3.523523 2.470430 3
1.605396 1.898969 3
6.272811 1.945197 3
4.642173 2.548776 3
2.680109 2.198796 3
1.133966 1.904249 3
6.034074 2.061159 3
4.363615 2.547337 3
2.140955 2.001261 3
0.547852 1.899063 3
5.592521 2.316539 3
4.036282 2.545226 3
1.851568 1.922601 3
0.173806 1.906704 3
5.001636 2.523696 3
3.392416 2.437004 3
1.545848 1.897619 3
6.240321 1.957109 3
4.590616 2.548574 3
2.565425 2.156030 3
1.038011 1.905783 3
5.980979 2.092149 3
4.320861 2.547742 3
2.085084 1.982859 3
0.469634 1.897730 3
5.497918 2.364102 3
3.960507 2.540463 3
1.809685 1.915849 3
0.133682 1.911582 3
4.919624 2.534898 3
3.254114 2.397024 3
1.480474 1.897311 3
6.206844 1.971050 3
4.543129 2.548105 3
2.462754 2.117623 3
0.940150 1.906236 3
5.921786 2.127332 3
4.276082 2.548237 3
2.034489 1.967146 3
0.398923 1.897292 3
5.400140 2.408172 3
3.874864 2.532384 3
1.766244 1.910192 3
0.096652 1.917522 3
4.843726 2.542000 3
3.111609 2.351762 3
1.408408 1.898003 3
6.171340 1.987448 3
4.498493 2.547622 3
2.371177 2.083561 3
0.841849 1.905469 3
5.855556 2.166920 3
4.228059 2.548668 3
1.988013 1.953783 3
0.335782 1.897875 3
5.301868 2.446495 3
3.778802 2.519907 3
1.720560 1.905590 3
0.062111 1.924581 3
4.774509 2.546060 3
2.970319 2.303755 3
1.329886 1.899535 3
6.133094 2.006602 3
4.455782 2.547259 3
2.289721 2.053670 3
0.745023 1.903718 3
5.781609 2.210718 3
4.175355 2.548736 3
1.944193 1.942344 3
0.279226 1.899497 3
5.204575 2.478097 3
6.219942 1.859942 4
4.005050 2.418852 4
1.028835 1.631682 4
5.024261 2.296132 4
2.122876 1.896225 4
6.275630 1.843909 4
4.130494 2.444477 4
1.211332 1.666300 4
5.202362 2.213541 4
2.240150 1.917444 4
0.047452 1.824886 4
4.230211 2.460025 4
1.374691 1.707482 4
5.391479 2.122842 4
2.390867 1.948354 4
0.106836 1.801260 4
4.312803 2.468044 4
1.511982 1.746742 4
5.573800 2.041613 4
2.582809 1.994868 4
0.175630 1.771986 4
4.386521 2.470097 4
1.625198 1.780659 4
5.737843 1.980159 4
2.820289 2.062202 4
0.259609 1.736400 4
4.458361 2.466476 4
1.718486 1.808279 4
5.876129 1.938565 4
3.091287 2.147563 4
0.363807 1.696088 4
4.534893 2.456591 4
1.798367 1.830500 4
5.988998 1.910891 4
3.369025 2.237619 4
0.492972 1.655703 4
4.622745 2.438594 4
1.871139 1.848555 4
6.079549 1.891405 4
3.620430 2.315948 4
0.648074 1.624773 4
4.728102 2.409504 4
1.943376 1.864024 4
6.153132 1.875802 4
3.828869 2.375231 4
0.825059 1.614467 4
4.856450 2.365259 4
2.021968 1.878689 4
6.215293 1.861142 4
3.993539 2.416240 4
1.013663 1.629515 4
5.010790 2.302062 4
2.114583 1.894785 4
6.271254 1.845287 4
4.121520 2.442840 4
1.197289 1.663148 4
5.187492 2.220653 4
2.229663 1.915463 4
0.042953 1.826559 4
4.222965 2.459084 4
1.362531 1.704173 4
5.376352 2.129988 4
2.377355 1.945383 4
0.101796 1.803351 4
4.306602 2.467632 4
1.501900 1.743764 4
5.559717 2.047467 4
2.565711 1.990409 4
0.169629 1.774568 4
4.380776 2.470141 4
1.616948 1.778180 4
5.725624 1.984286 4
2.799795 2.056043 4
0.252210 1.739456 4
4.452515 2.466980 4
1.711573 1.806273 4
5.865979 1.941308 4
3.068788 2.140288 4
0.354557 1.699426 4
4.528419 2.457654 4
1.792321 1.828897 4
5.980859 1.912736 4
3.347442 2.230683 4
0.481683 1.658732 4
4.615154 2.440392 4
1.865410 1.847221 4
6.072970 1.892779 4
3.601687 2.310316 4
0.634689 1.626634 4
4.718842 2.412348 4
1.937440 1.862841 4
6.147737 1.876986 4
3.813882 2.371208 4
0.810310 1.614346 4
4.845246 2.369454 4
2.015270 1.877494 4
6.210603 1.862334 4
3.981786 2.413533 4
0.998451 1.627469 4
4.997462 2.307871 4
2.106433 1.893373 4
6.266871 1.846646 4
4.112380 2.441139 4
1.183131 1.660043 4
5.172711 2.227696 4
2.219388 1.913540 4
0.038480 1.828203 4
4.215602 2.458093 4
1.350193 1.700849 4
5.361179 2.137194 4
2.364099 1.942508 4
0.096812 1.805406 4
4.300343 2.467183 4
1.491666 1.740752 4
5.545526 2.053450 4
2.548924 1.986090 4
0.163725 1.777108 4
4.375016 2.470149 4
1.608564 1.775659 4
5.713230 1.988548 4
2.779525 2.050007 4
0.244934 1.742481 4
4.446695 2.467445 4
1.704572 1.804233 4
5.855667 1.944143 4
3.046368 2.133059 4
0.345472 1.702754 4
4.522017 2.458666 4
1.786225 1.827265 4
5.972571 1.914635 4
3.325688 2.223670 4
0.470560 1.661816 4
4.607670 2.442121 4
1.859672 1.845870 4
6.066279 1.894179 4
3.582665 2.304558 4
0.621456 1.628626 4
4.709732 2.415095 4
1.931542 1.861652 4
6.142266 1.878178 4
3.798607 2.367066 4
0.795646 1.614395 4
4.834211 2.373527 4
2.008656 1.876307 4
6.205869 1.863519 4
3.969788 2.410731 4
0.983213 1.625551 4
4.984284 2.313558 4
2.098422 1.891989 4
6.262480 1.847988 4
4.103067 2.439370 4
1.168860 1.656990 4
5.158024 2.234666 4
2.209319 1.911673 4
0.034028 1.829819 4
4.208118 2.457051 4
1.337679 1.697515 4
5.345967 2.144450 4
2.351098 1.939726 4
0.091883 1.807426 4
4.294021 2.466696 4
1.481276 1.737709 4
5.531234 2.059557 4
2.532446 1.981906 4
0.157915 1.779605 4
4.369237 2.470120 4
1.600040 1.773094 4
5.700664 1.992946 4
2.759485 2.044098 4
0.237780 1.745474 4
4.440897 2.467873 4
1.697481 1.802158 4
5.845194 1.947073 4
3.024048 2.125886 4
0.336552 1.706070 4
4.515685 2.459629 4
1.780077 1.825605 4
5.964132 1.916591 4
3.303772 2.216587 4
0.459600 1.664948 4
